service_id,monday,tuesday,wednesday,thursday,friday,saturday,sunday,start_date,end_date
7975,0,0,0,0,1,0,0,20200403,20200406
7976,0,1,1,1,1,0,0,20200407,20200410
1239,0,0,0,0,0,1,0,20200516,20200530
5278,1,1,1,1,1,0,0,20200403,20200410
5279,1,1,1,1,1,0,0,20200428,20200602
6702,1,1,1,1,1,0,0,20200428,20200602
13955,1,1,1,1,1,1,0,20200428,20200602
13956,1,1,1,1,1,0,0,20200601,20200701
13957,0,0,0,0,0,0,1,20200601,20200628
13958,0,0,0,0,0,0,1,20200503,20200601
13959,1,1,1,1,1,1,0,20200601,20200701
13960,1,1,1,1,1,1,0,20200601,20200701
4366,0,0,0,0,0,0,1,20200601,20200628
3000,0,0,0,0,0,0,1,20200503,20200601
81,0,0,0,0,0,1,0,20200502,20200509
530,0,0,0,0,1,0,0,20200501,20200508
5280,1,1,1,1,1,1,0,20200601,20200701
9276,1,1,1,1,1,1,1,20200403,20200613
9272,1,1,1,1,1,1,1,20200614,20200701
8967,0,0,0,0,0,1,0,20200411,20200627
7358,1,1,1,1,1,0,1,20200413,20200614
7354,1,1,1,1,1,0,1,20200615,20200701
7357,1,1,1,1,1,0,0,20200403,20200410
8587,0,0,0,0,0,1,0,20200411,20200627
9184,0,1,1,1,0,0,1,20200428,20200601
9181,0,0,0,0,0,0,1,20200601,20200621
13961,0,0,0,0,0,0,1,20200405,20200628
8979,0,0,0,0,1,0,0,20200417,20200426
13962,1,1,1,1,0,0,0,20200406,20200517
13963,1,1,1,1,0,0,1,20200405,20200517
13964,0,0,0,0,1,0,1,20200608,20200628
13966,0,0,0,0,1,0,0,20200403,20200517
13967,0,0,0,0,1,0,0,20200403,20200517
3855,0,0,0,0,1,0,0,20200403,20200517
2622,1,1,1,1,1,1,1,20200403,20200701
13969,1,1,1,1,1,1,1,20200403,20200701
3798,1,1,1,1,1,1,1,20200403,20200701
802,0,0,0,0,1,0,1,20200403,20200405
13970,0,0,0,0,1,0,0,20200403,20200517
13971,0,0,0,0,0,1,1,20200508,20200628
1470,0,0,0,0,0,1,1,20200404,20200405
13972,0,0,0,0,1,0,1,20200403,20200405
13973,0,1,1,1,1,0,0,20200407,20200410
13974,1,1,1,1,1,0,0,20200504,20200602
8249,1,1,1,1,1,0,1,20200413,20200701
13976,0,0,0,0,1,1,1,20200411,20200503
13977,1,1,1,1,1,0,0,20200603,20200701
13978,1,1,1,1,1,0,0,20200414,20200427
13979,0,1,1,1,0,0,0,20200428,20200430
5639,0,0,0,0,0,0,1,20200517,20200601
4229,1,1,1,1,1,0,0,20200428,20200529
1110,1,1,1,1,1,0,0,20200615,20200701
4158,1,1,1,1,0,0,0,20200403,20200409
3754,0,0,0,0,0,1,0,20200620,20200627
13980,0,0,0,0,1,0,0,20200430,20200529
13981,0,0,0,0,1,0,0,20200601,20200626
1098,0,0,0,0,0,1,0,20200502,20200530
8983,0,0,0,0,0,0,1,20200614,20200628
8981,0,0,0,0,0,0,1,20200405,20200426
8984,0,0,0,0,0,0,1,20200601,20200628
13982,1,1,1,1,1,0,0,20200601,20200701
13983,1,1,1,1,0,1,0,20200601,20200701
13984,1,1,1,1,0,0,0,20200428,20200602
13985,0,0,0,0,0,1,0,20200511,20200530
13986,1,1,1,1,1,0,0,20200414,20200427
4239,1,1,1,1,1,0,0,20200603,20200612
4243,0,0,0,0,0,1,0,20200404,20200410
4245,0,0,0,0,0,1,0,20200606,20200613
330,1,1,1,1,1,0,0,20200403,20200410
2243,1,1,1,1,1,1,1,20200411,20200701
13987,0,0,0,0,0,1,0,20200509,20200613
13989,1,1,1,1,1,0,0,20200504,20200612
1916,1,1,1,1,1,0,0,20200615,20200701
8612,0,0,0,0,0,1,0,20200620,20200627
13991,0,0,0,0,0,0,1,20200405,20200426
13993,0,0,0,0,0,1,0,20200404,20200502
13994,1,1,1,1,1,0,0,20200403,20200430
7539,0,0,0,0,0,0,1,20200412,20200614
4232,1,1,1,1,1,0,0,20200414,20200427
973,0,0,0,0,0,0,1,20200621,20200628
4244,0,0,0,0,0,1,0,20200511,20200530
3002,0,0,0,0,0,0,1,20200601,20200628
4581,0,0,0,0,0,0,1,20200621,20200628
1579,1,1,1,1,1,1,0,20200403,20200701
13995,0,0,0,0,0,1,1,20200404,20200517
12194,1,1,1,1,1,0,1,20200403,20200517
7248,1,1,1,1,1,0,0,20200403,20200517
70,0,0,0,0,0,0,1,20200503,20200510
13998,0,0,0,0,1,0,0,20200403,20200517
6721,1,1,1,1,1,0,0,20200403,20200517
9089,0,0,0,0,0,0,1,20200412,20200614
13999,0,0,0,0,0,0,1,20200405,20200628
9059,1,0,0,0,0,0,0,20200406,20200629
4472,0,0,0,0,1,0,0,20200430,20200529
9383,0,0,0,0,1,0,0,20200601,20200626
8607,0,0,0,0,0,1,0,20200404,20200613
8611,1,1,1,1,1,0,0,20200525,20200701
584,1,1,1,1,1,0,0,20200403,20200410
3297,1,1,1,1,1,1,1,20200403,20200701
8182,0,0,0,0,0,1,0,20200404,20200627
8891,0,0,0,0,1,0,0,20200518,20200530
14000,0,0,0,0,1,0,0,20200403,20200517
14001,1,1,1,1,0,0,0,20200406,20200517
682,1,1,1,1,1,0,0,20200403,20200424
8892,0,0,0,0,1,0,0,20200518,20200619
8229,0,0,0,0,0,1,0,20200502,20200510
2545,0,0,0,0,0,1,0,20200413,20200425
7042,0,0,0,0,0,1,0,20200620,20200627
4527,0,0,0,0,1,0,0,20200417,20200424
686,1,1,1,1,1,0,0,20200525,20200701
4600,0,0,0,0,1,0,0,20200403,20200410
8227,0,0,0,0,0,1,0,20200516,20200613
14002,0,0,0,0,0,0,1,20200607,20200628
4221,0,0,0,0,0,0,1,20200405,20200628
4978,1,0,0,0,0,0,0,20200406,20200629
7708,1,1,1,1,1,0,1,20200403,20200517
6677,0,0,0,0,0,0,1,20200405,20200601
8703,0,0,0,0,0,0,1,20200405,20200628
8746,0,0,0,0,1,0,0,20200403,20200517
8745,1,1,1,1,0,0,0,20200406,20200517
8163,0,0,0,0,0,1,0,20200404,20200627
8157,1,1,1,1,1,0,1,20200403,20200701
14004,1,1,1,1,1,0,0,20200406,20200424
7925,1,1,1,1,1,0,0,20200525,20200701
14005,1,1,1,1,1,0,0,20200525,20200701
14006,0,0,0,0,0,1,1,20200404,20200405
14008,0,0,0,0,0,1,0,20200404,20200501
14009,0,0,0,0,0,0,1,20200413,20200426
14010,0,0,0,0,0,0,1,20200517,20200531
14011,0,0,0,0,0,1,0,20200508,20200613
5596,0,0,0,0,1,0,0,20200430,20200626
14012,0,0,0,0,0,1,1,20200411,20200425
5588,1,1,1,1,0,1,1,20200511,20200531
451,0,0,0,0,0,1,1,20200411,20200412
3937,1,1,1,1,1,1,1,20200403,20200425
3266,0,0,0,0,0,1,1,20200607,20200628
5590,1,1,1,1,1,0,0,20200413,20200424
45,0,0,0,0,0,1,1,20200502,20200510
13554,0,1,1,1,1,0,1,20200405,20200424
13556,0,0,0,0,0,1,0,20200501,20200613
13558,1,0,0,0,0,0,0,20200427,20200517
507,0,0,0,0,0,0,1,20200412,20200413
14013,1,1,1,1,1,0,0,20200406,20200410
9029,0,0,0,0,0,0,1,20200615,20200621
6676,0,0,0,0,0,0,1,20200607,20200628
8134,1,1,1,1,0,0,0,20200525,20200701
7048,0,0,0,0,0,0,1,20200426,20200601
2537,1,0,0,0,0,0,1,20200413,20200419
13557,1,1,1,1,1,0,0,20200525,20200621
3940,1,1,1,1,1,1,1,20200511,20200531
3425,0,0,0,0,1,0,0,20200403,20200424
7047,0,0,0,0,0,1,0,20200525,20200613
8132,1,1,1,1,0,0,0,20200406,20200423
6267,0,0,0,0,0,1,0,20200404,20200517
11710,1,1,1,1,1,0,0,20200403,20200517
6258,1,0,0,0,0,0,0,20200427,20200629
6032,0,1,0,0,0,0,0,20200406,20200420
14016,0,0,0,0,0,1,0,20200404,20200517
565,0,0,0,0,0,0,1,20200622,20200628
10723,0,0,0,0,0,0,1,20200426,20200601
14017,0,0,0,0,0,0,1,20200607,20200628
7870,0,0,0,0,1,0,0,20200430,20200626
13611,0,0,0,0,0,0,1,20200426,20200601
7247,1,1,1,1,1,0,0,20200403,20200517
8909,0,0,0,0,0,0,1,20200405,20200628
13385,0,0,0,0,0,0,1,20200405,20200628
9346,1,0,0,0,1,1,0,20200427,20200510
1408,0,0,0,0,1,0,1,20200501,20200510
50,0,0,0,1,1,0,0,20200521,20200522
9138,1,1,1,1,0,0,0,20200428,20200507
13541,1,1,1,1,1,1,1,20200601,20200701
1009,0,0,0,0,0,1,0,20200523,20200530
13544,1,1,1,1,1,0,1,20200511,20200602
9264,0,0,0,0,1,1,1,20200403,20200405
13546,1,1,1,1,1,0,1,20200420,20200502
8238,0,0,0,1,0,0,1,20200517,20200601
11259,1,1,1,1,1,1,1,20200601,20200701
1344,1,1,1,1,1,0,0,20200406,20200410
11258,1,1,1,1,1,1,1,20200428,20200602
11260,0,0,0,0,1,1,1,20200403,20200405
10413,0,0,0,1,1,0,0,20200413,20200426
10420,1,1,1,1,1,1,1,20200428,20200601
10409,0,0,0,0,1,1,1,20200410,20200418
6622,0,0,0,0,0,1,1,20200620,20200628
14019,0,0,0,0,0,0,1,20200607,20200614
7763,1,1,1,0,0,0,0,20200629,20200701
9141,1,1,1,1,1,1,0,20200603,20200613
9145,1,1,1,1,1,1,0,20200509,20200518
9149,1,1,1,1,1,0,1,20200519,20200602
9143,1,1,1,1,1,0,1,20200420,20200427
1974,0,0,0,0,0,1,0,20200404,20200425
14020,0,0,0,0,0,1,1,20200607,20200628
2348,1,1,1,1,1,0,0,20200428,20200602
5634,0,0,0,1,0,1,0,20200516,20200530
5633,1,1,1,1,1,0,0,20200601,20200701
1440,1,0,0,0,0,0,1,20200405,20200419
468,1,1,1,1,1,0,0,20200414,20200424
9561,1,1,1,1,1,1,1,20200601,20200701
9557,1,1,1,1,1,0,1,20200428,20200602
5437,0,0,0,0,1,1,1,20200403,20200405
3385,0,0,0,0,0,0,1,20200501,20200601
4202,0,0,0,0,0,0,1,20200601,20200607
11051,0,0,0,0,0,0,1,20200405,20200531
1510,0,0,0,0,0,0,1,20200426,20200503
14022,0,0,0,0,1,0,1,20200608,20200628
4949,0,0,0,0,0,0,1,20200608,20200628
2785,1,0,0,0,0,0,1,20200601,20200607
8858,0,0,0,0,0,1,1,20200404,20200628
3612,0,0,0,0,0,0,1,20200426,20200508
9769,0,0,0,1,0,0,1,20200426,20200507
11867,0,0,0,0,0,0,1,20200504,20200524
9023,0,0,0,0,0,0,1,20200608,20200628
349,0,0,0,0,0,0,1,20200426,20200510
13287,0,0,0,0,0,0,1,20200405,20200628
14024,0,1,1,1,1,0,0,20200403,20200517
10077,0,0,0,0,0,1,0,20200404,20200627
5494,0,0,0,0,0,1,0,20200425,20200502
1935,0,0,0,0,0,0,1,20200405,20200628
7229,0,0,0,0,0,1,0,20200404,20200627
14027,1,0,0,0,0,0,0,20200406,20200629
10677,0,0,0,0,0,1,1,20200404,20200517
7230,1,1,1,1,1,0,0,20200615,20200701
14028,1,1,1,1,1,0,0,20200608,20200701
522,1,1,1,1,1,0,0,20200420,20200507
14029,0,0,0,0,0,0,1,20200510,20200628
4203,0,0,0,0,0,0,1,20200608,20200628
14030,0,0,0,0,0,1,0,20200411,20200627
6497,1,0,0,0,0,0,1,20200524,20200607
11366,0,0,0,0,0,1,0,20200404,20200627
11361,1,1,1,1,1,0,0,20200608,20200701
14033,1,0,0,0,0,0,1,20200405,20200419
14035,1,1,1,1,0,0,0,20200504,20200507
14036,1,1,1,1,1,0,0,20200511,20200701
14038,0,0,0,0,0,1,0,20200404,20200418
14039,0,0,0,0,0,1,0,20200516,20200627
14040,1,1,1,1,1,0,0,20200403,20200417
14041,1,1,1,1,1,0,0,20200420,20200430
547,0,0,0,0,1,1,0,20200501,20200508
6995,0,0,0,0,0,1,0,20200404,20200517
6998,1,1,1,1,1,0,0,20200608,20200701
9014,0,0,0,0,0,0,1,20200413,20200628
7946,0,0,0,0,1,1,1,20200403,20200405
7948,0,0,0,0,0,1,1,20200525,20200701
8068,1,1,1,1,1,0,0,20200406,20200701
14042,0,0,0,0,1,0,0,20200410,20200517
5831,0,0,0,0,0,0,1,20200405,20200628
5902,1,1,1,1,1,0,0,20200608,20200612
7944,1,1,1,1,1,0,0,20200525,20200607
9136,1,1,1,1,0,1,0,20200404,20200517
9220,1,0,0,0,1,0,1,20200427,20200510
9410,1,1,1,1,1,1,0,20200403,20200701
8139,0,0,0,0,0,0,1,20200405,20200628
14044,0,0,0,0,0,0,1,20200405,20200628
14045,1,1,1,1,1,1,0,20200403,20200701
9225,1,1,1,1,0,0,1,20200405,20200517
2440,1,1,1,1,1,0,0,20200403,20200517
14046,1,1,1,1,0,0,1,20200405,20200517
6719,0,0,0,0,1,0,0,20200403,20200517
4253,0,0,0,0,1,0,0,20200403,20200517
6910,0,0,0,0,0,1,0,20200404,20200517
14047,0,0,0,0,1,0,0,20200403,20200517
14048,1,1,1,1,0,1,1,20200406,20200517
9168,1,1,1,1,1,1,0,20200403,20200412
9172,1,1,1,1,1,0,0,20200615,20200701
14049,0,0,0,0,0,1,1,20200404,20200405
9390,1,0,0,0,1,0,1,20200427,20200510
2035,0,0,0,0,1,0,0,20200501,20200510
5741,0,0,0,0,1,1,0,20200403,20200404
5738,1,1,1,1,1,1,0,20200406,20200701
14051,0,0,0,0,0,0,1,20200412,20200628
7441,1,1,1,1,1,0,0,20200525,20200626
14052,1,1,1,1,0,0,0,20200406,20200517
14053,0,0,0,0,1,0,0,20200403,20200517
14054,0,0,0,0,0,0,1,20200405,20200628
14055,0,0,0,0,1,0,0,20200403,20200517
14056,1,1,1,1,0,0,0,20200406,20200517
5194,0,0,0,0,1,0,0,20200619,20200626
13926,0,0,0,0,1,0,0,20200403,20200517
4363,1,1,1,1,1,0,0,20200406,20200517
9838,0,0,0,0,1,0,0,20200403,20200517
13689,0,0,0,0,1,0,1,20200601,20200628
7244,0,0,0,0,0,1,0,20200404,20200517
9131,0,0,0,0,0,0,1,20200405,20200628
14057,0,0,0,0,1,0,0,20200403,20200626
14058,1,1,1,1,1,0,0,20200403,20200430
14059,1,1,1,1,1,0,0,20200504,20200612
14060,1,1,1,1,1,0,0,20200403,20200430
381,1,1,1,1,1,0,0,20200615,20200626
14061,0,0,0,0,0,0,1,20200404,20200503
1387,1,1,1,0,0,0,0,20200629,20200701
14062,1,1,1,1,1,0,0,20200504,20200701
14063,0,0,0,0,0,1,1,20200425,20200628
2036,0,0,0,0,0,1,0,20200404,20200627
8973,1,0,1,1,1,0,0,20200420,20200424
8976,1,1,1,1,1,1,0,20200427,20200701
14065,0,0,0,0,0,0,1,20200405,20200628
14069,0,0,0,0,1,0,0,20200403,20200517
12600,1,1,1,1,0,0,0,20200406,20200517
14070,1,1,1,1,1,0,0,20200608,20200701
1738,1,1,1,1,0,0,0,20200420,20200507
14072,0,0,0,0,1,1,1,20200403,20200405
14073,1,0,1,1,1,1,1,20200420,20200503
11321,1,1,1,1,1,0,1,20200421,20200508
14074,0,0,0,0,0,1,1,20200504,20200531
14075,0,0,0,0,0,1,1,20200404,20200405
6894,1,1,1,1,0,0,1,20200420,20200507
6890,1,1,1,1,1,0,1,20200511,20200701
6425,0,0,0,0,0,0,1,20200504,20200524
14076,1,1,1,1,1,0,0,20200608,20200701
14078,1,0,0,0,0,0,1,20200405,20200419
14079,0,0,0,0,0,0,1,20200608,20200628
12102,0,0,0,0,0,1,0,20200511,20200613
14080,1,1,1,1,1,0,0,20200406,20200424
580,0,0,0,0,0,1,1,20200413,20200425
586,0,0,0,0,0,1,1,20200411,20200413
6699,1,1,1,1,1,0,0,20200511,20200607
6700,1,1,1,1,0,0,0,20200403,20200409
4644,0,1,1,1,1,0,0,20200403,20200424
463,1,0,0,0,0,1,1,20200413,20200425
7280,0,0,0,0,0,1,1,20200511,20200613
3264,0,0,0,0,0,1,1,20200511,20200613
3260,0,0,0,0,1,1,0,20200501,20200510
14081,1,0,0,0,0,1,1,20200413,20200425
4639,1,1,1,1,1,0,0,20200525,20200701
8713,1,1,1,1,1,0,0,20200403,20200424
8714,1,1,1,1,1,0,0,20200518,20200531
8715,1,0,0,0,0,0,0,20200427,20200517
4620,0,0,0,0,1,0,0,20200518,20200619
11415,0,0,0,0,0,1,0,20200501,20200613
4294,1,1,1,1,0,0,0,20200414,20200423
14083,0,0,0,0,0,1,1,20200418,20200425
14084,0,0,0,0,0,1,1,20200508,20200613
4629,1,1,1,1,0,0,0,20200622,20200701
4622,1,1,1,1,0,0,0,20200518,20200618
4627,0,0,0,0,0,1,1,20200511,20200531
14086,1,1,1,1,0,0,0,20200406,20200409
14088,0,0,0,0,0,1,1,20200404,20200405
14089,0,0,0,0,0,1,1,20200404,20200405
14091,0,0,0,0,1,0,1,20200426,20200503
14092,0,1,1,1,1,0,0,20200410,20200417
5997,1,1,1,1,1,0,0,20200406,20200517
14095,0,0,0,0,0,1,0,20200404,20200627
4967,0,0,0,0,1,0,0,20200410,20200626
4964,0,0,0,0,0,1,0,20200404,20200627
4966,0,0,0,0,0,0,1,20200524,20200614
4971,0,0,0,0,0,0,1,20200405,20200628
4972,1,1,1,1,0,0,0,20200406,20200517
6247,0,0,0,0,0,0,1,20200405,20200628
6250,0,0,0,0,0,1,0,20200404,20200627
6251,1,1,1,1,1,0,0,20200406,20200701
10829,1,1,1,1,0,0,1,20200518,20200618
10824,1,1,1,1,0,0,1,20200405,20200614
5022,0,0,0,0,1,1,0,20200522,20200523
5021,0,0,0,0,0,1,0,20200404,20200627
3271,0,0,0,0,0,1,0,20200530,20200613
6254,0,0,0,0,0,1,0,20200404,20200627
4834,0,0,0,0,1,0,0,20200501,20200508
8219,0,0,0,0,0,1,0,20200404,20200426
4687,1,1,1,1,1,0,1,20200405,20200426
4691,1,1,1,1,1,0,1,20200518,20200619
4840,1,1,1,1,1,0,0,20200518,20200619
4833,1,1,1,1,1,0,0,20200406,20200426
4822,1,1,1,1,1,1,1,20200518,20200619
7750,1,1,1,1,1,1,1,20200427,20200517
10821,0,0,0,0,1,0,0,20200529,20200619
14096,0,0,0,0,1,0,0,20200520,20200619
14097,1,1,1,1,0,0,1,20200518,20200618
14098,1,1,1,1,0,0,1,20200427,20200517
1431,1,1,1,1,1,0,0,20200406,20200424
4270,0,0,0,0,0,1,0,20200411,20200418
14100,1,1,1,1,0,0,0,20200427,20200510
14101,0,1,1,1,1,0,0,20200623,20200626
14103,0,0,0,0,1,1,0,20200501,20200502
14105,0,1,1,1,1,0,0,20200616,20200619
14107,0,0,0,0,0,1,0,20200516,20200613
239,0,0,0,0,1,0,0,20200520,20200619
14108,0,0,0,0,0,1,0,20200404,20200426
14109,1,1,1,1,1,0,0,20200406,20200517
14110,0,1,1,1,0,0,0,20200407,20200426
14111,1,0,0,0,1,0,1,20200405,20200426
14112,0,0,0,0,1,0,0,20200410,20200426
7011,0,1,1,1,0,0,0,20200519,20200618
13815,1,0,0,0,1,0,1,20200518,20200619
6107,1,0,0,0,0,0,0,20200518,20200615
14113,0,1,1,1,1,0,0,20200512,20200612
14114,1,1,1,1,1,0,1,20200405,20200426
14115,0,0,0,0,0,1,0,20200404,20200627
14116,0,0,0,0,1,0,0,20200501,20200508
12265,0,0,0,1,1,0,1,20200520,20200619
14117,0,0,0,0,0,1,0,20200502,20200517
6277,0,0,0,0,0,1,0,20200523,20200613
14118,0,0,0,1,1,0,1,20200405,20200426
14119,0,0,0,0,1,0,0,20200410,20200424
14120,1,1,1,1,0,1,1,20200404,20200426
6272,1,1,1,1,1,1,1,20200404,20200426
14122,0,1,1,0,0,0,0,20200630,20200701
14123,0,0,0,0,0,0,1,20200426,20200510
14124,0,0,0,0,0,1,0,20200404,20200627
14125,0,0,0,0,1,0,1,20200511,20200531
14126,0,0,0,1,1,0,0,20200521,20200522
14128,1,1,1,1,0,0,1,20200405,20200426
14129,0,0,0,0,1,0,0,20200410,20200424
5768,0,0,0,0,0,0,1,20200405,20200628
6041,1,0,0,0,1,1,0,20200427,20200510
6040,0,1,1,1,1,0,0,20200608,20200701
1768,0,0,0,0,1,1,0,20200522,20200523
14130,0,0,0,0,1,0,0,20200515,20200626
2732,0,0,0,0,0,0,1,20200608,20200621
14131,1,1,1,1,0,0,1,20200518,20200607
5516,1,1,1,1,0,1,0,20200404,20200701
5671,1,1,1,1,1,1,1,20200403,20200701
6876,1,1,1,1,1,0,0,20200403,20200517
6178,0,0,0,0,0,0,1,20200405,20200628
13808,0,0,0,0,1,0,0,20200403,20200626
13806,1,1,1,1,0,1,0,20200404,20200701
7851,1,1,1,1,1,1,0,20200403,20200701
1228,0,0,0,1,0,0,0,20200430,20200510
14132,0,0,0,0,0,0,1,20200405,20200628
2722,0,0,0,0,0,1,0,20200608,20200620
5520,0,0,0,0,1,0,0,20200403,20200626
14134,0,0,0,0,0,0,1,20200405,20200628
14135,0,0,0,0,0,1,0,20200518,20200607
13674,1,1,1,1,1,1,0,20200403,20200701
10773,0,0,0,0,0,0,1,20200405,20200628
14136,0,0,0,0,0,1,0,20200404,20200627
14137,0,1,0,0,1,0,0,20200403,20200424
14138,1,0,0,0,1,0,0,20200608,20200629
14139,0,0,0,0,0,1,0,20200525,20200627
14142,1,1,1,1,1,0,0,20200403,20200701
14143,1,1,1,1,1,0,0,20200403,20200701
14144,0,0,0,0,0,0,1,20200614,20200628
14146,0,0,0,0,0,1,0,20200501,20200627
14147,0,0,0,0,0,0,1,20200405,20200412
14149,0,0,0,0,0,0,1,20200525,20200607
14150,0,0,0,0,0,1,0,20200418,20200606
14151,1,1,1,1,1,0,1,20200403,20200701
14152,0,0,0,0,0,1,1,20200411,20200419
14153,0,0,0,0,0,0,1,20200405,20200628
14154,1,0,0,0,0,1,0,20200608,20200629
3944,0,0,0,0,0,1,0,20200404,20200627
14155,0,0,0,0,0,0,1,20200405,20200628
7758,0,0,0,0,0,0,1,20200426,20200628
14157,0,0,0,0,0,0,1,20200405,20200419
7014,0,0,0,0,0,0,1,20200426,20200628
7005,0,0,0,0,0,0,1,20200412,20200419
14158,1,1,1,1,1,0,0,20200403,20200424
2536,1,0,0,0,0,0,1,20200405,20200419
8639,1,1,1,1,1,0,1,20200426,20200701
14159,1,1,1,1,0,0,1,20200426,20200701
14160,0,0,0,0,1,1,0,20200425,20200627
14161,1,1,1,1,0,0,1,20200405,20200423
14162,0,0,0,0,1,1,0,20200403,20200424
14164,1,0,0,0,1,0,0,20200403,20200424
14165,1,0,0,0,0,0,1,20200405,20200419
14166,0,0,1,1,0,0,0,20200407,20200422
2579,0,1,1,1,0,0,1,20200426,20200701
2576,0,0,0,0,0,1,0,20200425,20200627
2592,1,0,0,0,1,0,0,20200608,20200629
1445,0,0,0,0,0,1,0,20200404,20200418
2573,0,0,0,0,0,1,0,20200425,20200627
14168,0,0,0,0,0,1,0,20200404,20200418
4721,1,1,1,1,0,0,0,20200406,20200423
6220,1,1,1,1,0,1,1,20200425,20200517
2727,0,0,0,0,1,0,0,20200410,20200424
6214,1,1,1,1,0,1,1,20200518,20200618
6223,0,0,0,0,1,0,0,20200520,20200619
6218,1,1,1,1,0,1,1,20200620,20200701
6215,0,0,0,1,1,0,0,20200430,20200515
7017,0,0,0,0,0,1,0,20200411,20200418
14169,0,0,0,0,0,1,0,20200425,20200627
1436,0,0,0,0,0,0,1,20200504,20200517
2432,0,1,1,1,1,1,0,20200616,20200620
14170,0,0,0,0,0,0,1,20200524,20200614
14171,0,0,0,0,0,0,1,20200504,20200517
6106,0,1,1,1,1,1,0,20200512,20200613
1439,1,1,1,1,1,0,0,20200622,20200701
278,1,1,1,1,1,0,0,20200518,20200619
93,0,0,0,0,0,1,0,20200521,20200613
177,0,0,0,0,0,0,1,20200524,20200614
14172,1,0,0,0,0,0,1,20200405,20200419
14173,1,0,0,0,0,0,0,20200425,20200517
6096,0,1,1,1,1,1,0,20200623,20200627
1447,0,1,1,1,1,0,0,20200406,20200424
14174,1,0,0,0,0,0,0,20200518,20200615
7026,1,0,0,0,0,0,0,20200518,20200615
7025,1,0,0,0,0,0,0,20200622,20200629
14179,0,0,0,0,0,1,1,20200404,20200418
14180,0,1,1,1,0,0,0,20200519,20200618
14181,0,0,0,0,1,0,0,20200430,20200626
14183,1,1,1,1,0,1,1,20200425,20200701
14184,0,0,1,1,0,0,0,20200415,20200416
1960,1,0,0,0,0,0,0,20200427,20200511
7003,1,0,0,0,0,0,0,20200406,20200412
14185,0,0,0,0,1,0,0,20200430,20200626
14186,0,1,1,1,0,0,0,20200623,20200701
14187,1,0,0,0,0,0,0,20200407,20200423
14189,0,0,0,0,1,0,0,20200410,20200424
14190,0,0,0,1,0,0,0,20200430,20200515
14191,0,0,0,0,1,0,0,20200520,20200619
6192,0,0,0,0,1,0,0,20200410,20200424
14192,0,1,1,0,0,0,0,20200428,20200514
9482,1,1,1,1,1,0,0,20200425,20200517
2723,0,0,0,0,0,1,0,20200608,20200620
5722,0,0,0,0,0,1,0,20200521,20200606
9491,1,1,1,0,0,0,0,20200629,20200701
9484,1,1,1,1,1,1,1,20200404,20200424
3968,0,0,0,0,0,1,1,20200613,20200614
9485,1,1,1,1,1,1,1,20200518,20200619
9298,0,1,1,0,0,0,0,20200630,20200701
5276,1,1,1,1,1,1,1,20200425,20200701
1360,1,1,1,1,1,0,0,20200403,20200424
2997,1,0,0,0,0,1,1,20200404,20200419
6069,0,0,0,0,0,1,0,20200516,20200627
6070,1,1,1,1,1,0,1,20200425,20200701
14194,0,0,0,0,0,1,0,20200425,20200627
14195,1,1,1,1,1,0,1,20200426,20200701
14197,0,0,0,0,0,0,1,20200426,20200628
14198,1,1,1,1,1,1,0,20200425,20200701
14199,0,0,0,0,0,0,1,20200405,20200419
14200,1,1,1,1,1,1,0,20200403,20200424
2438,1,0,0,0,0,1,1,20200404,20200419
9000,1,1,1,1,1,0,0,20200403,20200424
1073,0,0,0,1,0,1,0,20200521,20200523
5481,1,1,1,1,1,1,1,20200403,20200701
10854,1,1,1,1,1,0,0,20200403,20200424
10048,0,1,1,1,1,1,0,20200403,20200424
688,1,1,1,1,1,0,0,20200525,20200701
5621,0,1,1,0,0,0,0,20200407,20200408
2681,1,1,1,0,0,0,0,20200629,20200701
10047,1,1,1,1,1,1,0,20200425,20200627
719,0,1,1,1,1,0,0,20200428,20200701
2197,0,1,1,1,1,0,0,20200403,20200424
14201,1,1,1,1,1,1,1,20200413,20200701
10855,1,0,0,0,0,1,1,20200404,20200419
10850,0,0,0,0,0,1,1,20200504,20200628
8689,0,0,0,0,0,1,1,20200425,20200628
14204,0,0,0,0,0,0,1,20200425,20200503
8691,0,0,0,0,0,1,1,20200404,20200419
14205,1,1,1,1,0,0,0,20200420,20200423
14206,1,1,1,0,0,0,0,20200427,20200429
5858,0,0,0,0,1,0,0,20200515,20200626
14207,1,1,1,1,0,0,0,20200504,20200701
4483,1,1,1,1,0,0,0,20200406,20200416
14208,0,0,0,0,0,1,1,20200509,20200628
747,0,0,0,0,1,0,0,20200410,20200417
7006,0,0,0,0,0,0,1,20200412,20200419
1567,0,0,0,0,1,1,0,20200501,20200502
1799,0,0,0,0,1,1,1,20200410,20200412
11247,1,0,0,0,0,0,0,20200406,20200420
11246,1,0,0,0,0,0,0,20200427,20200629
3715,0,0,0,0,1,1,1,20200425,20200628
2280,1,1,1,1,0,0,0,20200406,20200423
3716,0,0,0,0,0,1,1,20200404,20200419
720,0,0,0,0,1,0,0,20200403,20200424
14210,1,1,1,1,0,0,0,20200525,20200625
14211,1,1,1,0,0,0,0,20200629,20200701
1878,0,0,0,1,1,1,0,20200521,20200523
692,1,1,1,1,1,0,1,20200403,20200424
5229,0,0,0,0,0,1,1,20200425,20200628
8041,1,1,1,1,1,1,1,20200425,20200701
7585,1,1,1,1,1,1,1,20200403,20200424
5557,0,0,0,0,0,1,1,20200504,20200628
7430,0,1,0,0,0,0,0,20200406,20200420
7873,0,1,1,1,1,0,0,20200403,20200424
711,1,0,0,0,0,0,0,20200427,20200629
2528,1,1,1,1,0,0,0,20200406,20200423
1998,1,1,1,1,0,0,0,20200525,20200701
14212,1,1,1,1,1,0,0,20200504,20200701
14213,0,0,0,0,0,1,1,20200508,20200628
14214,0,0,0,0,0,1,1,20200425,20200426
4082,0,0,0,0,1,0,1,20200525,20200628
14215,1,1,1,1,1,0,0,20200420,20200424
4077,0,0,0,0,0,1,0,20200404,20200418
4078,0,0,0,0,0,1,0,20200425,20200627
14216,1,1,1,1,0,0,0,20200427,20200430
4080,1,0,0,0,1,0,1,20200403,20200424
11093,1,1,1,1,1,0,0,20200403,20200417
1970,0,0,0,0,1,0,0,20200403,20200424
718,0,0,0,0,1,0,0,20200430,20200626
1102,0,0,0,0,1,0,1,20200501,20200503
14217,0,1,1,1,1,0,0,20200603,20200701
14218,0,1,1,1,1,0,0,20200428,20200619
14220,0,0,0,0,0,0,1,20200412,20200413
6405,1,0,0,0,0,0,1,20200405,20200419
11935,0,0,0,0,0,0,1,20200426,20200628
11279,0,0,0,0,0,1,1,20200425,20200628
13145,0,0,0,0,0,0,1,20200405,20200419
5622,0,1,1,1,1,0,0,20200403,20200424
3483,1,1,1,1,1,0,0,20200525,20200626
4823,1,1,1,1,0,0,0,20200518,20200618
8281,0,0,0,0,1,1,1,20200520,20200619
13878,1,1,1,1,0,0,0,20200406,20200426
8282,0,0,0,0,1,1,1,20200404,20200426
5252,1,1,1,1,0,0,0,20200406,20200517
14223,1,1,1,1,1,0,0,20200622,20200701
14224,0,0,0,0,0,0,1,20200504,20200517
14225,0,0,0,0,1,1,0,20200501,20200502
8666,1,1,1,1,1,1,1,20200425,20200701
8657,1,1,1,1,1,1,1,20200403,20200424
3367,0,0,0,0,0,0,1,20200405,20200628
6127,1,1,1,1,1,1,1,20200403,20200701
13284,0,1,1,1,1,1,0,20200403,20200701
13281,1,0,0,0,0,0,0,20200406,20200629
10778,1,1,1,1,1,0,1,20200405,20200424
10782,0,0,0,0,0,1,0,20200425,20200627
3434,1,1,1,1,0,0,0,20200406,20200423
8646,1,1,1,1,1,0,1,20200601,20200701
14226,1,1,1,1,1,0,1,20200403,20200424
14227,0,0,0,0,0,1,0,20200425,20200627
14228,1,0,0,0,0,0,1,20200405,20200419
14230,0,0,0,0,0,1,0,20200404,20200418
14231,1,1,1,1,1,0,1,20200426,20200701
14232,0,0,0,0,0,0,1,20200426,20200628
14233,1,1,1,1,1,1,0,20200403,20200424
14234,1,1,1,1,1,1,0,20200425,20200701
5365,1,1,1,1,1,1,1,20200425,20200701
6793,1,1,1,1,1,1,0,20200425,20200701
14236,1,1,1,1,0,0,0,20200511,20200528
14237,1,1,1,1,0,1,1,20200404,20200423
14238,1,1,1,1,0,1,1,20200425,20200701
7020,0,0,0,0,0,1,0,20200425,20200627
7023,0,1,1,1,1,0,0,20200623,20200701
7019,0,1,1,1,0,0,0,20200428,20200515
14240,0,0,0,0,1,0,0,20200430,20200626
14241,0,0,0,0,1,0,0,20200403,20200424
14244,0,0,0,0,0,0,1,20200426,20200628
7007,0,1,1,1,1,0,0,20200519,20200619
7008,0,0,1,1,1,0,0,20200415,20200417
1833,1,1,1,1,1,0,1,20200428,20200602
1834,1,1,1,1,1,1,1,20200601,20200701
1836,0,0,0,0,1,1,1,20200403,20200405
13536,0,0,0,1,0,0,0,20200430,20200510
13534,0,0,0,0,1,1,0,20200403,20200627
6051,0,1,1,1,0,0,0,20200505,20200519
6059,1,0,0,0,0,0,0,20200504,20200518
4445,1,1,1,1,1,1,1,20200403,20200701
8416,1,1,1,1,0,0,0,20200504,20200611
11394,0,0,0,0,1,1,1,20200403,20200628
10955,1,1,1,1,0,0,0,20200406,20200429
5264,1,1,1,1,1,1,1,20200403,20200701
4278,1,1,1,1,1,1,1,20200403,20200701
6664,0,0,0,0,0,1,1,20200404,20200701
1346,1,1,1,1,1,0,0,20200403,20200517
6661,1,1,1,1,1,0,0,20200403,20200517
11392,1,1,1,1,0,0,0,20200615,20200701
3694,1,1,1,1,1,1,1,20200403,20200701
14246,0,0,1,0,0,0,0,20200407,20200503
6063,0,0,0,0,0,0,1,20200503,20200628
14247,1,0,0,0,0,0,0,20200622,20200629
14248,0,1,0,1,0,0,0,20200526,20200701
8001,0,0,0,0,0,0,1,20200405,20200628
14249,1,1,1,1,0,0,0,20200525,20200611
6703,1,1,1,1,1,0,1,20200403,20200517
14250,1,0,0,0,0,0,0,20200420,20200503
14251,0,0,0,0,1,1,0,20200511,20200627
14252,1,1,1,1,0,0,0,20200406,20200426
5879,1,1,1,1,1,0,1,20200405,20200517
14253,0,0,0,0,1,0,0,20200403,20200424
14254,0,0,0,0,1,1,1,20200525,20200614
5236,0,1,1,1,1,0,0,20200505,20200520
3930,1,1,1,1,1,1,0,20200406,20200701
3933,0,0,0,0,0,0,1,20200405,20200628
3928,0,0,0,0,1,1,0,20200403,20200404
5744,1,1,1,1,0,0,0,20200406,20200517
5232,1,1,1,1,1,0,0,20200608,20200701
11167,1,1,1,1,1,1,1,20200403,20200701
1091,1,1,1,1,1,1,1,20200403,20200701
242,0,0,0,1,0,0,0,20200507,20200515
5610,1,1,1,1,1,1,1,20200403,20200419
11190,1,1,1,1,1,1,1,20200403,20200701
5291,1,1,1,1,1,1,1,20200403,20200701
14255,1,1,1,1,1,1,1,20200420,20200503
14256,1,1,1,1,1,1,1,20200504,20200701
5710,1,1,1,1,1,1,1,20200403,20200701
4685,1,1,1,1,1,1,0,20200406,20200701
2497,1,1,1,1,1,1,1,20200420,20200701
11077,1,1,1,1,1,1,1,20200403,20200419
9846,1,1,1,1,0,0,0,20200406,20200416
9847,1,1,1,1,1,0,1,20200403,20200517
9845,0,0,1,1,1,0,0,20200520,20200522
5379,1,1,1,1,0,0,1,20200405,20200625
3890,0,0,0,0,0,0,1,20200426,20200628
7277,1,0,0,1,1,0,0,20200403,20200417
7274,1,0,0,1,1,0,0,20200525,20200629
9835,1,0,0,0,0,0,1,20200405,20200419
5260,0,0,0,0,1,0,0,20200403,20200417
5261,0,0,0,0,1,0,0,20200525,20200626
12286,0,0,0,1,0,0,0,20200424,20200520
12288,0,0,0,0,1,0,0,20200403,20200417
10494,1,1,1,1,1,1,1,20200403,20200701
3448,0,1,0,1,1,0,0,20200403,20200417
13496,1,1,1,1,0,0,0,20200420,20200701
3449,1,0,0,0,0,0,1,20200405,20200419
3444,0,0,0,0,0,0,1,20200426,20200628
3442,0,0,0,0,1,0,0,20200525,20200619
9848,0,0,0,0,0,1,0,20200425,20200627
12289,1,0,0,0,0,0,0,20200602,20200622
8046,1,1,1,0,0,0,0,20200626,20200701
10229,0,0,0,0,0,1,0,20200425,20200627
5374,0,0,0,0,1,0,0,20200424,20200619
9334,1,1,1,1,1,1,1,20200403,20200419
5373,0,0,0,0,0,1,0,20200425,20200620
5376,0,0,0,0,0,1,0,20200404,20200418
7160,0,0,0,0,1,1,1,20200626,20200630
7162,1,1,1,1,1,0,0,20200420,20200426
7159,1,1,1,1,1,0,0,20200403,20200417
13492,0,0,0,1,0,0,0,20200427,20200510
13494,1,0,0,0,0,1,1,20200404,20200419
13487,0,0,0,0,0,1,1,20200425,20200628
5259,1,1,1,1,1,1,1,20200403,20200419
13489,1,1,1,1,1,0,0,20200403,20200417
10226,0,0,0,0,0,1,0,20200404,20200418
5786,1,1,1,1,1,1,0,20200403,20200701
4995,0,0,1,1,1,0,0,20200403,20200517
4997,1,1,0,0,0,0,0,20200406,20200630
4431,0,0,0,1,1,1,1,20200521,20200524
5573,1,0,1,1,1,1,1,20200403,20200419
5569,0,0,1,1,1,1,1,20200422,20200625
4980,0,0,0,0,0,0,1,20200426,20200628
4985,0,0,0,0,1,0,0,20200410,20200626
5026,0,0,0,0,0,0,1,20200419,20200628
5002,0,0,0,0,0,1,0,20200404,20200517
2415,0,0,0,1,0,1,1,20200521,20200524
9460,0,0,1,1,1,0,0,20200403,20200517
13704,0,1,0,0,1,0,0,20200403,20200417
13702,0,1,0,0,1,0,0,20200525,20200630
5783,1,0,0,0,0,0,1,20200405,20200419
12334,1,1,1,1,1,0,0,20200403,20200417
2500,1,1,1,1,1,0,1,20200403,20200419
11807,1,1,1,1,0,0,0,20200404,20200416
11808,0,0,0,0,1,1,1,20200403,20200418
11812,1,1,1,0,0,0,0,20200626,20200701
11811,0,0,0,0,1,1,1,20200424,20200524
5574,0,0,0,0,0,1,1,20200627,20200630
11804,1,1,1,1,0,0,0,20200504,20200517
12332,1,1,1,1,1,0,0,20200525,20200701
7545,1,1,1,1,1,0,1,20200525,20200701
3713,1,1,1,1,0,0,0,20200602,20200625
3712,0,0,0,0,1,1,1,20200529,20200621
4429,1,1,1,1,1,1,1,20200420,20200626
4427,1,1,1,1,1,1,1,20200403,20200419
6804,0,0,0,0,1,0,0,20200427,20200510
6807,0,0,0,0,0,1,1,20200404,20200419
7542,1,1,1,1,1,0,1,20200403,20200419
5971,0,0,0,0,0,1,1,20200425,20200628
4981,1,0,0,0,0,0,1,20200405,20200419
14257,0,0,0,0,0,0,1,20200517,20200628
14258,0,0,0,0,0,0,1,20200405,20200524
8092,1,1,1,1,1,1,1,20200403,20200419
8090,1,1,1,1,1,1,1,20200420,20200629
2320,0,1,1,0,0,0,0,20200630,20200701
14259,1,1,1,1,1,1,0,20200403,20200629
8085,1,1,1,1,1,1,1,20200403,20200701
5585,0,0,0,0,1,0,0,20200403,20200517
9266,1,1,1,1,1,1,1,20200406,20200701
6791,0,0,0,1,0,0,0,20200427,20200524
6179,0,0,0,0,0,0,1,20200405,20200628
5329,1,1,1,1,1,1,1,20200403,20200701
4561,0,0,0,0,0,0,1,20200405,20200628
14260,1,1,1,1,1,1,1,20200403,20200701
8067,1,1,1,1,1,1,1,20200403,20200701
8213,0,0,0,0,0,0,1,20200405,20200628
5746,1,1,1,1,1,1,1,20200403,20200701
9341,0,0,0,0,1,1,0,20200403,20200627
9338,0,0,0,0,0,0,1,20200405,20200628
9343,1,1,1,1,0,0,0,20200406,20200701
5711,1,1,1,1,1,1,0,20200403,20200517
779,0,0,0,0,0,0,1,20200531,20200601
57,1,1,1,1,1,0,0,20200518,20200612
7883,0,0,0,0,0,1,1,20200404,20200701
4899,1,1,0,0,0,0,0,20200406,20200414
8199,1,1,1,1,1,0,1,20200403,20200517
4901,0,0,1,1,1,0,0,20200403,20200503
5243,1,1,1,1,1,1,1,20200403,20200517
2656,1,1,1,1,1,1,0,20200403,20200517
5756,0,0,0,0,0,0,1,20200405,20200628
5753,1,1,1,1,0,0,0,20200406,20200701
5763,0,0,0,0,1,1,0,20200403,20200626
7742,0,0,0,0,1,0,0,20200501,20200510
3332,0,0,0,0,1,0,0,20200403,20200517
7740,0,0,0,0,0,1,0,20200411,20200627
7043,0,0,0,0,0,0,1,20200413,20200419
10372,0,0,0,0,0,0,1,20200404,20200628
5717,1,1,1,1,0,0,0,20200406,20200517
8561,0,1,1,1,0,1,0,20200616,20200701
8557,0,1,1,1,0,1,0,20200404,20200426
8262,0,0,0,0,1,0,1,20200403,20200412
1076,0,0,0,0,0,1,0,20200418,20200425
5766,0,0,0,0,0,1,0,20200620,20200627
2831,1,0,0,0,1,0,1,20200427,20200510
4335,1,1,1,1,0,1,0,20200404,20200517
8950,0,0,0,0,0,1,0,20200525,20200613
5846,0,0,0,0,1,0,0,20200501,20200510
5850,0,0,0,0,0,0,1,20200511,20200628
10566,1,1,1,1,0,1,0,20200404,20200517
4582,0,0,0,0,1,0,1,20200619,20200628
5854,0,0,0,0,0,1,0,20200425,20200627
5856,0,0,0,0,1,0,0,20200424,20200626
5963,0,0,0,0,0,0,1,20200405,20200628
4573,0,0,0,0,1,0,0,20200403,20200517
5521,0,0,0,0,1,0,0,20200403,20200626
5961,0,0,0,1,0,0,0,20200430,20200510
5788,1,0,0,0,1,0,1,20200427,20200510
4577,1,1,1,1,0,0,0,20200406,20200517
9165,1,1,1,1,0,0,0,20200406,20200517
5255,0,0,0,0,1,0,1,20200504,20200628
6326,0,1,1,1,1,0,0,20200601,20200701
11059,1,1,1,1,1,0,0,20200403,20200517
8271,0,0,0,0,0,0,1,20200403,20200628
6330,1,0,0,0,0,0,0,20200608,20200629
4451,1,0,0,0,1,0,1,20200403,20200419
4598,0,0,0,0,1,0,1,20200525,20200614
5321,1,1,1,1,0,1,0,20200615,20200629
3558,1,1,1,1,1,0,0,20200403,20200701
3554,0,0,0,0,0,1,0,20200411,20200627
8390,1,1,1,1,0,1,0,20200608,20200701
602,1,1,1,1,1,1,1,20200403,20200701
2458,0,0,0,0,1,0,0,20200501,20200510
5760,0,0,0,0,0,1,0,20200404,20200613
8284,0,0,0,0,0,1,1,20200404,20200628
2824,0,0,0,0,0,1,0,20200404,20200418
5332,1,1,1,0,1,1,0,20200427,20200510
2841,1,1,1,1,0,1,0,20200525,20200701
5335,1,1,1,1,0,1,0,20200404,20200416
5443,1,0,0,0,0,0,0,20200420,20200629
5447,0,1,1,1,1,0,0,20200608,20200701
9538,1,1,1,1,0,0,0,20200406,20200517
12403,1,1,1,1,1,0,0,20200403,20200417
12400,1,1,1,1,1,0,0,20200525,20200701
8532,1,1,1,1,1,0,0,20200403,20200517
10246,1,0,0,0,0,0,0,20200406,20200629
9050,1,0,0,0,0,1,0,20200404,20200426
9049,1,0,0,0,0,1,0,20200615,20200629
1061,0,0,0,0,0,0,1,20200419,20200426
6256,0,0,0,0,1,0,0,20200410,20200517
1429,1,1,1,1,1,0,1,20200403,20200517
5458,0,0,0,1,0,0,0,20200409,20200611
5464,0,0,0,1,0,0,0,20200618,20200625
5471,1,1,1,0,1,1,0,20200615,20200701
5465,1,1,1,0,1,1,0,20200403,20200613
10844,1,1,1,1,1,0,0,20200403,20200517
8105,1,0,0,0,1,0,1,20200427,20200510
8107,1,1,1,1,0,0,0,20200406,20200517
12398,0,0,0,0,0,1,1,20200525,20200628
13693,1,1,1,1,0,1,0,20200404,20200517
10993,0,0,0,0,1,0,1,20200525,20200614
4585,1,1,1,1,0,1,0,20200404,20200426
10998,1,1,1,1,0,1,0,20200615,20200629
13624,0,0,0,1,0,1,0,20200404,20200418
12267,0,0,0,0,1,0,1,20200504,20200628
7164,1,1,1,1,1,1,1,20200403,20200701
12277,0,0,0,0,0,1,0,20200509,20200627
12274,1,1,1,1,0,0,0,20200406,20200517
12271,0,0,0,0,0,1,0,20200411,20200510
13638,1,1,1,0,0,0,0,20200406,20200415
10438,1,1,1,1,1,1,1,20200403,20200701
13628,0,0,0,1,0,1,0,20200423,20200627
13636,0,0,0,0,1,0,1,20200525,20200628
13634,1,1,1,0,0,0,0,20200420,20200701
8684,1,1,1,1,0,1,0,20200404,20200517
5798,1,1,1,1,1,1,1,20200615,20200701
5797,1,1,1,1,1,1,1,20200403,20200614
5684,0,0,0,1,0,0,0,20200618,20200625
5682,1,1,1,0,1,1,0,20200615,20200701
11404,1,1,1,1,0,1,0,20200615,20200629
14262,1,1,1,1,0,1,0,20200525,20200701
8265,1,1,1,1,0,1,0,20200615,20200701
4588,0,0,0,0,0,1,0,20200525,20200613
10621,0,0,0,0,0,1,0,20200620,20200627
10612,1,1,1,0,0,0,0,20200406,20200611
10626,1,1,1,1,0,0,0,20200615,20200701
10624,0,0,0,1,0,0,0,20200409,20200514
10620,0,0,0,0,1,0,1,20200403,20200614
7609,1,1,1,1,1,0,0,20200511,20200531
3963,1,1,1,1,1,0,0,20200615,20200701
7604,0,0,0,0,0,1,0,20200620,20200627
4591,1,1,1,1,0,1,0,20200615,20200629
7252,1,1,1,1,1,0,1,20200403,20200517
3813,0,0,0,0,0,0,1,20200405,20200628
3814,1,1,1,1,0,0,0,20200406,20200517
5090,0,0,0,0,0,0,1,20200405,20200628
3917,0,0,0,0,0,1,0,20200404,20200627
3919,0,0,0,0,1,0,0,20200501,20200510
5338,0,0,0,0,1,0,0,20200403,20200517
3535,1,1,1,1,1,0,1,20200403,20200517
12916,0,0,0,0,0,1,1,20200601,20200628
12910,1,1,1,1,1,0,0,20200403,20200701
7364,0,0,0,0,0,0,1,20200426,20200510
7362,0,0,0,0,1,0,1,20200511,20200531
7366,1,1,1,1,0,0,0,20200420,20200531
9586,0,0,0,0,1,0,0,20200403,20200626
3459,0,0,0,0,0,0,1,20200405,20200628
1006,1,1,1,1,1,0,0,20200403,20200517
9614,0,0,0,1,0,0,0,20200409,20200625
9613,0,0,0,0,0,0,1,20200413,20200510
9616,1,1,1,0,1,0,0,20200403,20200701
9619,0,0,0,0,0,1,0,20200404,20200627
14263,0,0,0,0,0,0,1,20200405,20200628
3405,1,1,1,1,1,1,0,20200403,20200701
3891,0,0,0,0,0,0,1,20200510,20200628
11622,0,0,0,0,0,0,1,20200426,20200503
11623,1,0,0,0,0,0,1,20200413,20200419
2321,0,0,0,0,0,1,1,20200608,20200628
11625,1,1,1,1,1,0,0,20200403,20200517
2324,1,1,1,1,1,0,0,20200403,20200629
10633,1,1,1,1,1,1,1,20200403,20200701
1493,0,1,1,0,0,0,0,20200609,20200610
5599,0,0,0,0,1,1,1,20200608,20200628
736,0,0,0,0,0,0,1,20200614,20200628
740,1,1,1,1,0,0,0,20200608,20200701
5062,0,0,0,0,0,1,0,20200404,20200627
9278,0,0,0,0,0,1,1,20200404,20200628
7927,0,0,0,0,0,1,1,20200404,20200628
10339,1,1,1,1,1,1,1,20200403,20200701
496,1,1,1,1,1,0,0,20200403,20200701
9692,0,0,0,0,0,0,1,20200405,20200628
3421,0,0,0,0,0,0,1,20200405,20200628
11171,1,1,1,1,1,1,0,20200403,20200701
9687,1,1,1,1,1,1,0,20200403,20200701
14265,0,0,0,0,1,1,1,20200522,20200524
4836,0,0,0,0,0,1,1,20200404,20200628
5837,1,1,1,1,1,1,1,20200403,20200701
5344,1,1,1,1,1,1,0,20200403,20200701
3557,1,1,1,1,1,1,1,20200403,20200701
7866,1,1,1,1,1,1,1,20200403,20200701
5339,0,0,0,0,0,0,1,20200405,20200628
5560,1,1,1,1,1,0,0,20200406,20200517
10108,1,1,1,1,1,1,1,20200403,20200517
10962,1,1,1,1,1,1,1,20200403,20200701
9042,0,0,0,0,1,0,0,20200403,20200626
4898,1,1,1,1,1,0,1,20200518,20200612
5669,1,1,1,1,0,0,0,20200406,20200517
4904,0,0,0,0,0,1,1,20200404,20200701
112,0,0,0,0,0,1,1,20200523,20200524
8415,1,1,1,1,1,1,1,20200403,20200701
4968,1,1,1,1,1,1,1,20200403,20200701
13362,1,0,0,0,0,0,0,20200406,20200602
8848,1,0,0,0,0,0,0,20200608,20200629
6953,1,1,1,1,1,0,1,20200403,20200517
5558,1,1,1,1,1,1,1,20200403,20200701
7803,0,0,0,0,0,0,1,20200405,20200628
10753,1,1,1,1,1,1,1,20200403,20200701
9368,1,1,1,0,0,0,0,20200406,20200701
9371,0,0,0,1,0,0,0,20200427,20200510
5245,1,1,1,1,1,0,0,20200518,20200612
8028,0,0,0,0,0,0,1,20200607,20200628
5311,1,1,1,1,1,0,1,20200405,20200517
5493,1,1,1,1,1,0,0,20200406,20200517
10019,1,1,1,0,0,0,0,20200406,20200701
4703,1,1,1,1,1,1,1,20200403,20200701
10016,0,0,0,0,0,1,0,20200404,20200627
10021,0,0,0,1,0,0,0,20200409,20200625
6836,0,0,0,0,1,0,0,20200403,20200517
5687,0,0,0,0,0,0,1,20200405,20200628
13889,0,0,0,0,0,1,0,20200404,20200627
13892,1,1,1,1,1,0,1,20200403,20200517
3620,1,1,1,1,0,0,1,20200405,20200517
5691,0,0,0,1,0,0,0,20200427,20200510
4702,0,0,0,0,1,0,1,20200522,20200524
5644,1,1,1,1,1,0,0,20200403,20200412
5647,0,1,1,1,1,0,0,20200616,20200701
5642,0,0,0,0,0,1,1,20200404,20200628
9446,1,1,1,1,1,1,1,20200504,20200629
10197,0,0,0,0,0,0,1,20200405,20200628
5871,0,0,0,0,1,1,1,20200404,20200517
4652,0,0,0,0,0,1,0,20200404,20200627
14267,0,0,0,0,1,0,0,20200410,20200517
14268,1,1,1,1,0,0,0,20200406,20200517
1357,1,1,1,1,0,0,0,20200427,20200515
3659,1,1,1,1,1,0,0,20200608,20200701
1750,1,1,1,1,1,0,0,20200608,20200701
5032,0,0,0,0,0,1,1,20200518,20200628
5034,0,0,0,0,0,0,1,20200412,20200413
9783,1,1,1,1,1,0,1,20200518,20200701
1980,1,1,1,1,1,1,1,20200425,20200517
5991,1,1,1,1,1,0,1,20200426,20200517
5954,0,0,0,0,1,1,0,20200508,20200509
9782,1,1,1,1,0,0,1,20200426,20200517
6000,1,1,1,1,1,0,0,20200608,20200701
264,0,0,0,0,0,0,1,20200405,20200413
556,0,0,0,0,1,1,0,20200425,20200503
10500,0,0,0,0,0,0,1,20200405,20200628
12342,0,1,1,1,0,0,1,20200426,20200517
5956,0,0,0,0,0,1,0,20200518,20200627
2042,0,0,0,0,0,0,1,20200426,20200517
271,0,0,0,0,1,1,0,20200508,20200509
12344,0,1,1,1,1,0,1,20200615,20200628
5035,0,0,0,0,1,1,1,20200425,20200517
8496,0,0,0,0,0,0,1,20200608,20200628
10467,0,0,0,0,0,0,1,20200404,20200413
554,0,0,0,0,0,1,0,20200518,20200627
10468,1,1,1,1,1,1,1,20200518,20200701
9933,1,1,1,1,1,0,1,20200518,20200701
5661,1,1,1,1,1,1,1,20200403,20200701
3866,1,1,1,1,1,1,0,20200425,20200516
3290,0,0,0,0,0,0,1,20200405,20200419
3291,1,1,1,1,1,1,1,20200518,20200701
8124,0,0,0,0,1,0,0,20200403,20200626
4298,0,0,0,1,0,0,0,20200430,20200515
3868,1,1,1,1,1,1,0,20200608,20200701
4858,0,0,0,0,0,0,1,20200404,20200412
5986,1,1,1,1,1,1,1,20200403,20200701
3289,1,1,1,1,1,1,1,20200425,20200517
6225,0,0,0,0,1,0,1,20200426,20200517
6039,0,0,0,0,0,1,0,20200518,20200627
850,0,0,0,0,1,1,0,20200425,20200516
6232,0,0,0,0,1,0,1,20200427,20200628
7630,0,0,0,0,0,0,1,20200608,20200628
1670,0,0,0,0,1,1,1,20200508,20200510
4502,0,0,0,0,1,0,0,20200410,20200626
6442,1,1,1,1,1,1,0,20200425,20200516
6440,1,1,1,1,1,1,0,20200608,20200701
7323,0,1,1,1,0,0,1,20200413,20200517
7322,0,1,1,1,0,0,1,20200525,20200701
7155,1,1,1,1,1,1,1,20200405,20200701
4322,0,0,0,0,1,0,1,20200426,20200517
9819,0,1,1,1,0,1,0,20200425,20200516
5998,1,1,1,1,1,0,1,20200518,20200701
6036,1,1,1,1,1,0,0,20200511,20200619
6552,0,0,0,0,0,1,1,20200521,20200614
8682,0,0,0,0,1,1,1,20200425,20200503
9822,0,1,1,1,1,1,1,20200519,20200619
8117,1,1,1,1,1,0,1,20200405,20200426
8119,1,1,1,1,1,0,1,20200511,20200619
10537,0,0,0,0,1,0,1,20200520,20200619
5968,0,0,0,0,0,0,1,20200608,20200628
6456,1,0,0,0,0,0,0,20200420,20200531
5967,0,0,0,0,0,0,1,20200426,20200517
220,1,1,1,1,1,1,0,20200518,20200619
5873,0,0,0,0,1,1,0,20200425,20200516
5979,1,1,1,1,1,1,0,20200427,20200516
8823,1,1,1,1,1,1,0,20200425,20200516
6033,1,1,1,1,1,0,0,20200622,20200701
14269,0,0,0,0,0,1,0,20200518,20200627
6464,1,1,1,1,1,0,0,20200608,20200701
4821,1,1,1,1,1,1,1,20200425,20200517
4820,0,0,0,0,0,0,1,20200412,20200413
2303,0,0,1,1,1,0,0,20200526,20200612
10237,1,1,1,1,1,0,0,20200403,20200426
5920,1,1,1,1,1,0,0,20200608,20200701
8218,1,1,1,1,1,0,0,20200608,20200701
5903,0,1,1,1,1,0,0,20200602,20200605
6530,1,1,1,1,1,0,0,20200406,20200426
5726,0,0,0,0,0,1,0,20200509,20200516
5725,0,0,0,0,1,1,0,20200425,20200508
14270,0,0,0,0,0,1,0,20200411,20200627
14271,0,1,1,1,0,0,0,20200428,20200515
14272,0,1,1,1,1,0,0,20200403,20200701
14275,1,1,1,1,1,0,0,20200608,20200701
14276,1,1,1,1,1,0,0,20200615,20200701
1517,0,0,0,0,0,0,1,20200614,20200621
1514,0,0,0,0,0,0,1,20200510,20200517
14277,1,0,0,0,0,0,0,20200406,20200629
5924,1,1,1,1,1,0,0,20200518,20200701
14279,1,0,0,0,0,0,0,20200427,20200511
882,0,0,0,0,0,1,0,20200613,20200620
1749,1,1,1,1,1,0,0,20200608,20200701
848,0,0,0,0,0,1,0,20200518,20200627
6526,1,1,1,1,1,0,0,20200608,20200701
14284,0,0,0,0,0,0,1,20200531,20200607
7284,1,0,0,0,0,0,1,20200413,20200419
1512,0,0,0,0,0,0,1,20200518,20200531
7331,0,0,0,0,0,1,0,20200518,20200627
4909,0,0,0,0,0,0,1,20200608,20200628
9983,0,0,0,0,1,0,0,20200403,20200517
5360,0,0,0,0,1,0,0,20200403,20200626
5477,0,0,0,0,0,1,0,20200518,20200627
13904,1,1,1,1,1,0,0,20200406,20200424
1899,1,1,1,1,0,0,0,20200427,20200430
13905,0,1,1,1,1,0,0,20200526,20200612
5945,0,0,0,0,0,1,0,20200518,20200627
11473,1,0,0,0,0,0,0,20200518,20200525
13903,1,1,1,1,0,0,0,20200622,20200625
8223,0,0,0,0,0,0,1,20200426,20200517
10519,1,1,1,1,1,1,0,20200518,20200619
10516,1,1,1,1,1,1,0,20200425,20200515
5899,1,1,1,1,1,0,0,20200511,20200522
5898,1,1,1,1,1,0,0,20200525,20200529
629,1,1,1,1,0,0,0,20200427,20200507
4421,1,1,1,1,1,0,0,20200608,20200701
4713,1,1,1,1,0,0,0,20200427,20200515
12587,0,0,0,0,0,1,0,20200521,20200613
2977,1,1,1,1,0,0,0,20200525,20200701
2021,1,1,1,0,0,0,0,20200427,20200514
4712,1,0,0,0,0,0,1,20200413,20200419
4711,0,0,0,0,0,0,1,20200426,20200503
4865,1,0,0,0,0,0,0,20200420,20200629
4300,0,0,0,0,1,0,0,20200410,20200626
3162,1,0,0,0,0,0,0,20200608,20200701
3163,0,1,1,1,1,0,0,20200526,20200626
3170,1,1,1,1,0,0,0,20200427,20200522
2019,1,1,1,1,0,0,0,20200608,20200701
14288,0,0,1,1,1,0,0,20200403,20200426
3352,0,0,0,0,0,0,1,20200518,20200531
7633,0,0,0,0,0,0,1,20200412,20200413
14289,0,1,1,1,0,0,0,20200428,20200515
9920,0,0,0,1,0,0,0,20200409,20200423
14290,0,0,0,0,0,0,1,20200518,20200531
14291,1,1,0,0,0,0,0,20200518,20200630
10238,1,1,1,1,1,0,0,20200403,20200426
9918,1,1,1,1,0,0,0,20200525,20200701
14292,1,0,0,0,0,0,0,20200427,20200511
6617,0,0,0,0,0,0,1,20200405,20200628
9548,1,1,1,1,1,0,1,20200403,20200424
13236,0,0,0,0,0,1,1,20200411,20200412
9547,1,1,1,1,1,0,1,20200426,20200701
9546,0,0,0,0,0,1,0,20200425,20200627
4672,0,0,0,0,0,1,0,20200404,20200418
13077,1,1,1,1,0,1,1,20200404,20200423
13076,1,1,1,1,1,1,1,20200425,20200701
9465,1,0,0,0,0,1,1,20200404,20200419
653,1,1,1,1,1,1,1,20200425,20200701
5489,1,1,1,1,0,0,0,20200406,20200423
2246,0,0,0,0,0,1,0,20200404,20200418
2586,1,0,0,0,0,0,1,20200405,20200419
8194,1,0,0,0,0,1,1,20200404,20200419
8195,1,1,1,1,1,0,0,20200403,20200424
6574,1,1,1,1,1,1,1,20200403,20200424
5658,1,1,1,1,1,1,1,20200403,20200424
6932,1,1,1,1,1,1,1,20200403,20200424
6933,1,1,1,1,1,1,1,20200425,20200529
6934,1,1,1,1,1,1,1,20200530,20200701
7782,0,0,0,1,1,1,0,20200430,20200502
5654,0,0,0,0,0,1,1,20200411,20200412
4240,0,0,0,0,1,0,0,20200605,20200612
10008,0,0,0,0,1,0,0,20200417,20200420
9420,1,1,1,1,1,1,1,20200403,20200424
9421,1,1,1,1,1,1,1,20200417,20200701
10013,1,1,1,1,1,1,1,20200403,20200419
10015,1,1,1,1,1,0,0,20200622,20200701
10010,0,0,1,1,1,0,0,20200422,20200424
10011,0,0,0,0,1,1,1,20200425,20200510
10009,1,0,0,0,0,0,0,20200525,20200531
10012,0,0,0,1,0,0,0,20200604,20200618
7650,1,1,1,1,1,0,0,20200403,20200424
7784,1,0,0,0,0,1,1,20200404,20200419
7783,1,1,1,1,1,1,1,20200425,20200701
2247,1,0,0,0,0,0,1,20200413,20200419
6367,1,1,1,1,1,1,1,20200403,20200424
8915,1,0,1,1,1,1,1,20200425,20200701
8917,0,1,0,0,0,0,0,20200407,20200421
8914,1,0,0,0,0,1,1,20200404,20200419
8919,0,1,0,0,0,0,0,20200428,20200630
8918,1,0,1,1,0,0,0,20200406,20200423
3678,1,1,1,1,0,0,0,20200602,20200701
3675,1,1,1,1,1,1,1,20200403,20200424
3679,0,0,0,0,1,1,1,20200425,20200529
5655,1,1,1,1,1,1,1,20200425,20200701
3674,1,1,1,1,0,0,0,20200427,20200528
3677,0,0,0,0,1,1,1,20200530,20200628
5114,0,1,1,0,0,0,0,20200630,20200701
5115,1,1,1,1,1,1,1,20200405,20200424
5113,0,0,0,0,0,1,0,20200516,20200613
5071,0,0,0,0,0,1,0,20200620,20200627
5104,1,1,1,1,1,0,1,20200518,20200615
5109,0,1,1,1,1,0,0,20200616,20200626
5110,0,0,0,0,1,1,0,20200403,20200404
5111,0,0,0,0,1,1,1,20200501,20200503
9403,1,1,1,1,1,1,1,20200403,20200701
12458,1,1,1,1,1,1,1,20200403,20200701
3361,0,0,0,0,1,1,1,20200501,20200510
3362,1,1,1,1,1,1,1,20200601,20200701
3363,1,1,1,1,1,1,1,20200428,20200602
2270,0,0,0,0,0,0,1,20200405,20200628
2568,1,1,1,1,1,1,1,20200403,20200701
6682,1,1,1,1,1,1,0,20200403,20200701
7510,1,1,1,1,1,1,1,20200403,20200701
6523,1,1,1,1,1,1,1,20200403,20200701
6644,1,1,1,1,1,1,0,20200403,20200701
6856,1,1,1,1,1,0,1,20200403,20200517
11566,0,1,1,0,0,0,0,20200407,20200617
6858,0,0,0,0,0,1,0,20200411,20200627
2846,1,1,1,1,1,1,1,20200403,20200629
9075,1,1,1,1,1,1,1,20200403,20200701
11567,0,0,0,0,1,0,0,20200403,20200501
11565,0,0,0,0,1,1,1,20200525,20200701
6808,1,1,1,1,1,1,1,20200403,20200701
9098,1,1,1,1,1,1,1,20200403,20200701
7922,0,0,0,0,1,0,0,20200403,20200626
7923,1,1,1,1,0,1,0,20200404,20200701
10185,1,1,1,1,1,1,1,20200403,20200629
9480,1,0,0,0,0,1,1,20200404,20200701
9479,0,0,1,1,0,0,0,20200408,20200618
7723,0,0,0,0,1,1,1,20200404,20200628
6381,0,0,0,0,0,1,0,20200404,20200627
6382,0,0,0,0,0,0,1,20200405,20200628
6380,1,1,1,1,1,0,0,20200403,20200517
7550,0,0,0,0,0,1,1,20200404,20200701
7552,1,1,1,1,1,0,0,20200525,20200612
9069,1,1,1,1,1,1,1,20200518,20200619
6292,1,1,1,1,1,1,1,20200404,20200614
6291,1,1,1,1,1,1,1,20200518,20200619
9068,1,1,1,1,1,1,1,20200404,20200614
7661,1,1,1,1,1,0,0,20200406,20200701
7662,0,0,0,0,0,1,1,20200404,20200628
14293,0,0,0,0,1,0,0,20200403,20200424
7513,1,1,1,1,0,1,1,20200404,20200423
14294,1,1,1,1,0,0,0,20200406,20200423
4637,1,1,1,1,0,1,0,20200504,20200701
14295,1,1,1,0,0,0,0,20200427,20200429
7514,1,1,1,0,1,1,1,20200425,20200503
700,1,1,1,1,0,0,0,20200504,20200701
1011,1,1,1,1,0,0,0,20200406,20200423
701,1,1,1,0,0,0,0,20200427,20200429
6653,0,0,0,0,1,0,1,20200507,20200628
3216,0,0,0,0,1,0,0,20200403,20200424
7518,1,1,1,1,0,1,1,20200504,20200701
4151,0,0,0,0,1,0,0,20200507,20200626
6965,0,0,0,0,0,0,1,20200510,20200621
6966,0,0,0,0,0,0,1,20200413,20200419
3037,1,1,1,1,1,0,0,20200403,20200424
14298,0,0,0,0,1,1,0,20200425,20200502
14299,0,0,0,0,0,0,1,20200426,20200503
14300,1,0,0,0,0,0,1,20200405,20200419
14301,0,0,0,0,0,1,0,20200404,20200418
3909,0,0,0,0,1,1,0,20200425,20200502
3910,0,0,0,0,0,1,0,20200508,20200620
1586,0,0,0,0,1,0,0,20200605,20200626
4477,0,0,0,0,1,0,0,20200507,20200529
14302,1,0,0,0,0,0,1,20200413,20200419
4794,0,0,0,0,0,1,0,20200508,20200517
3040,0,0,0,0,0,1,0,20200606,20200620
3889,1,0,0,0,0,0,1,20200413,20200419
14303,0,0,0,0,0,0,1,20200426,20200503
14304,0,0,0,0,0,0,1,20200510,20200628
14305,0,0,0,0,1,0,0,20200507,20200626
7093,1,0,0,0,0,0,1,20200413,20200419
7104,0,0,0,0,0,0,1,20200426,20200628
14306,0,0,0,0,1,0,0,20200410,20200424
14308,0,0,0,0,0,1,0,20200404,20200411
721,0,1,1,1,0,0,0,20200428,20200701
14309,1,1,1,0,0,0,0,20200427,20200429
14310,1,0,0,0,0,1,1,20200413,20200419
14311,1,1,1,1,0,0,0,20200504,20200701
14312,0,0,0,0,0,1,0,20200508,20200620
14315,1,1,1,1,0,0,0,20200406,20200423
14316,1,0,0,0,0,1,0,20200608,20200629
6967,0,0,1,1,0,0,0,20200407,20200423
6541,0,1,0,0,0,1,0,20200404,20200420
14317,1,1,1,1,0,0,0,20200504,20200701
14318,1,1,1,1,0,0,0,20200406,20200423
9454,0,0,0,0,0,1,1,20200525,20200621
4543,0,0,0,0,1,1,1,20200425,20200503
14319,1,1,1,0,0,0,0,20200427,20200429
14320,0,0,0,0,1,1,0,20200501,20200502
1927,0,0,0,0,1,0,0,20200430,20200626
14321,0,0,0,0,1,0,0,20200515,20200626
1688,0,0,0,0,1,0,0,20200403,20200424
14322,0,0,0,1,0,0,0,20200430,20200507
9453,1,1,1,1,0,0,0,20200504,20200701
4867,1,0,0,0,0,0,1,20200413,20200419
14325,0,0,0,0,1,0,0,20200430,20200626
14326,0,0,0,0,1,0,0,20200430,20200626
6112,0,0,0,0,0,0,1,20200607,20200628
6476,1,1,1,1,1,1,0,20200501,20200701
6471,0,0,0,0,0,0,1,20200503,20200601
6473,0,0,0,0,0,1,1,20200404,20200419
14327,0,0,0,0,1,0,0,20200430,20200626
4631,1,1,1,0,1,1,0,20200425,20200502
4632,0,1,1,1,0,1,0,20200404,20200423
14328,0,0,0,0,1,0,1,20200525,20200628
6763,1,0,0,0,1,0,1,20200403,20200424
262,1,1,1,1,0,0,0,20200425,20200430
14329,0,0,0,0,1,0,0,20200430,20200626
697,1,1,1,1,0,0,0,20200406,20200423
14330,0,0,0,0,0,0,1,20200607,20200621
14331,1,1,1,1,0,0,0,20200406,20200423
14333,0,0,0,0,0,1,0,20200425,20200627
14334,1,0,0,0,0,0,1,20200413,20200419
14335,1,1,1,1,0,0,0,20200602,20200701
14336,0,0,0,0,0,0,1,20200426,20200601
14337,0,0,0,0,1,0,0,20200403,20200424
14338,1,1,1,0,0,0,0,20200427,20200528
14339,1,1,1,1,0,0,0,20200406,20200423
14340,1,1,1,1,0,0,0,20200525,20200701
14341,0,0,0,0,0,1,0,20200525,20200627
14344,1,1,1,1,0,0,0,20200406,20200423
14345,0,0,0,0,1,0,0,20200413,20200424
14346,1,0,0,0,0,0,1,20200405,20200419
14347,0,0,0,0,1,0,0,20200430,20200626
14348,0,0,0,0,0,0,1,20200426,20200628
14349,0,0,0,0,0,0,1,20200426,20200628
14351,0,1,1,1,0,0,0,20200428,20200701
14352,1,0,0,0,0,0,1,20200413,20200419
14354,0,0,0,1,0,0,0,20200430,20200507
6543,1,0,0,0,0,1,0,20200608,20200629
4049,0,0,0,0,0,1,0,20200508,20200627
14356,1,0,0,0,0,0,0,20200608,20200629
14358,0,0,0,0,0,1,0,20200525,20200627
14359,0,0,0,0,1,0,0,20200403,20200424
14360,1,1,1,1,0,1,0,20200404,20200423
14361,1,0,0,0,0,1,1,20200404,20200419
3244,1,0,0,0,0,0,0,20200602,20200629
7432,1,0,0,0,0,0,0,20200427,20200525
2199,0,1,0,0,0,0,0,20200406,20200420
14362,1,1,1,1,0,0,0,20200406,20200423
14363,1,1,1,1,1,0,0,20200525,20200701
14364,0,0,0,0,1,0,0,20200403,20200424
14365,0,0,0,0,1,1,1,20200525,20200628
14366,1,1,1,1,1,0,0,20200403,20200424
14367,0,0,0,0,1,0,0,20200612,20200626
14368,1,1,1,1,0,0,0,20200406,20200423
6391,1,1,1,1,0,0,0,20200525,20200701
14369,1,1,1,1,0,1,1,20200525,20200701
5653,0,0,0,0,1,0,0,20200612,20200626
14370,0,0,0,0,0,0,1,20200426,20200628
14371,1,0,0,0,0,0,1,20200413,20200419
14372,1,0,0,0,0,0,1,20200405,20200419
14373,0,0,0,0,1,0,0,20200403,20200424
5657,0,0,0,0,1,0,0,20200430,20200529
14374,0,0,0,0,1,0,0,20200515,20200626
4722,0,0,0,1,0,0,1,20200426,20200503
14376,1,1,1,1,0,0,0,20200504,20200603
14377,1,1,1,1,0,0,0,20200604,20200701
7957,0,0,0,0,0,0,1,20200426,20200601
4812,0,0,0,0,0,0,1,20200413,20200419
4473,0,1,1,1,0,0,0,20200603,20200701
4478,1,0,0,0,0,0,1,20200426,20200601
4470,0,1,0,0,0,0,0,20200406,20200420
14380,0,0,0,0,0,0,1,20200607,20200621
14381,1,1,1,1,0,0,0,20200406,20200423
4465,1,0,0,0,0,0,1,20200602,20200629
14382,1,1,1,0,0,0,0,20200427,20200528
4467,0,1,1,1,0,0,0,20200428,20200528
4469,0,0,1,1,0,0,0,20200407,20200423
4475,1,0,0,0,0,0,1,20200413,20200419
13657,1,0,0,0,0,1,1,20200413,20200419
10867,1,0,0,0,0,0,0,20200602,20200629
14383,1,1,1,1,0,0,0,20200602,20200701
14384,0,0,0,0,0,0,1,20200426,20200601
14385,0,1,1,1,1,1,0,20200603,20200701
14387,0,0,0,0,0,1,1,20200606,20200628
10875,1,0,0,0,0,0,0,20200427,20200525
14388,0,0,1,1,1,1,0,20200403,20200424
14389,0,1,1,1,1,1,0,20200425,20200530
14390,0,0,0,0,1,1,1,20200425,20200510
14391,0,0,0,0,1,0,0,20200430,20200626
14392,0,0,0,0,1,1,0,20200501,20200502
1969,0,0,0,1,0,0,0,20200430,20200507
14393,1,0,0,0,0,0,1,20200413,20200419
1965,0,0,0,0,1,0,0,20200515,20200626
2237,1,1,1,1,1,0,0,20200504,20200701
14394,0,0,0,1,0,0,1,20200426,20200503
7736,1,0,0,0,1,0,1,20200403,20200424
4053,0,0,0,0,0,1,0,20200404,20200418
14396,1,0,0,0,1,0,1,20200404,20200424
6570,0,0,0,0,0,0,1,20200426,20200628
14398,0,1,0,0,0,0,0,20200406,20200420
14399,1,0,0,0,0,0,0,20200504,20200629
14400,0,0,0,0,1,0,1,20200507,20200628
14402,1,1,1,1,0,0,0,20200425,20200430
14403,1,0,0,0,0,1,1,20200404,20200419
14404,0,0,0,0,1,1,1,20200425,20200503
14405,1,1,1,0,0,0,0,20200427,20200429
14407,1,1,1,1,0,0,0,20200406,20200423
14408,0,0,0,0,0,1,0,20200508,20200620
14409,0,0,0,0,0,1,0,20200508,20200620
614,0,0,0,0,1,1,1,20200522,20200524
14410,0,1,1,1,1,1,1,20200505,20200701
14411,0,1,1,1,0,0,0,20200428,20200430
9630,1,1,1,1,1,1,0,20200403,20200424
14412,0,1,1,1,1,0,0,20200403,20200424
14413,1,1,1,1,0,0,0,20200504,20200701
9468,0,0,0,0,1,0,1,20200507,20200628
14414,0,0,0,0,1,1,0,20200522,20200523
14415,0,0,0,0,1,1,0,20200425,20200502
9472,0,0,0,0,0,0,1,20200426,20200503
14417,1,0,0,0,0,0,1,20200413,20200419
1086,1,1,1,1,1,0,0,20200602,20200701
2175,1,1,1,1,0,0,0,20200427,20200529
14418,1,1,1,1,1,0,0,20200403,20200424
2058,0,0,0,0,0,0,1,20200426,20200628
4669,0,0,0,0,0,1,0,20200525,20200627
6393,1,1,1,1,0,0,0,20200406,20200423
6043,0,0,0,0,0,1,1,20200404,20200419
14419,0,0,0,0,0,1,0,20200525,20200627
14420,0,0,0,0,0,1,0,20200525,20200627
14421,0,0,0,0,1,0,0,20200430,20200626
14423,1,1,1,1,0,0,1,20200525,20200701
14424,0,1,0,0,0,0,0,20200406,20200420
14425,1,0,0,0,0,0,0,20200504,20200629
14427,0,0,0,0,1,1,0,20200501,20200502
14428,0,0,0,1,1,1,0,20200425,20200530
14429,0,0,0,0,1,1,0,20200605,20200627
14430,1,1,1,1,0,0,0,20200425,20200430
14431,0,0,0,0,1,0,0,20200403,20200424
14433,0,0,0,0,0,0,1,20200426,20200628
14434,0,1,1,1,1,1,1,20200505,20200701
14435,0,0,1,1,1,1,1,20200403,20200424
14436,0,0,0,0,0,0,1,20200607,20200628
14437,0,1,1,1,1,1,1,20200425,20200503
14438,1,1,1,1,0,0,0,20200602,20200701
14439,1,1,1,0,0,0,0,20200427,20200528
14440,0,0,0,0,0,0,1,20200511,20200517
14441,1,1,1,1,0,0,0,20200406,20200423
14442,0,0,0,0,0,0,1,20200503,20200510
14444,1,0,0,0,0,0,1,20200413,20200419
14445,0,0,1,1,1,0,0,20200429,20200701
14446,1,1,1,1,1,0,0,20200525,20200701
14447,0,1,1,1,1,0,0,20200403,20200424
14448,1,1,1,1,0,0,0,20200406,20200423
14450,1,0,0,0,0,0,0,20200427,20200629
14451,0,0,0,0,1,0,0,20200417,20200424
14452,0,0,0,0,0,0,1,20200426,20200601
14453,0,0,0,0,0,0,1,20200413,20200419
14454,0,0,0,0,0,0,1,20200607,20200628
14455,0,0,0,0,1,0,1,20200507,20200628
14456,1,0,0,0,1,0,1,20200405,20200424
14457,0,0,0,1,0,0,1,20200426,20200503
14459,0,1,0,0,0,0,0,20200406,20200420
14460,0,0,0,0,1,0,0,20200430,20200626
6680,0,0,0,0,0,0,1,20200405,20200419
8375,0,0,0,0,0,1,0,20200613,20200627
14461,0,1,0,0,0,0,0,20200406,20200420
14462,1,0,0,0,0,0,0,20200406,20200412
579,0,0,0,0,0,0,1,20200607,20200628
7540,0,0,0,0,0,0,1,20200426,20200601
14463,1,0,0,0,0,0,0,20200504,20200629
14464,0,0,0,0,1,0,0,20200403,20200410
14465,0,0,0,0,0,1,0,20200525,20200627
14466,0,1,1,1,1,0,0,20200403,20200424
2284,1,1,1,1,1,0,1,20200525,20200701
6297,1,1,1,1,1,0,1,20200403,20200424
14469,0,0,0,0,1,0,0,20200403,20200424
14470,0,0,0,0,0,1,1,20200525,20200628
14471,0,1,1,1,1,0,0,20200428,20200701
14472,1,1,1,1,0,1,0,20200404,20200423
7868,0,0,0,0,0,1,0,20200508,20200620
14473,1,0,0,0,0,1,1,20200404,20200419
14475,0,0,0,1,1,1,0,20200425,20200530
14476,1,0,0,0,0,0,0,20200427,20200629
14477,0,0,0,0,1,1,0,20200403,20200424
14478,0,0,0,0,1,1,0,20200605,20200627
14479,0,1,0,0,0,0,0,20200428,20200630
14480,0,0,1,1,1,0,0,20200429,20200701
14481,0,1,1,1,1,0,0,20200403,20200424
14483,1,0,0,0,0,0,0,20200427,20200629
14484,0,1,0,0,0,0,0,20200428,20200630
14485,1,0,0,0,0,0,0,20200406,20200412
14487,0,0,0,0,1,1,0,20200605,20200627
14489,0,0,0,0,0,0,1,20200426,20200601
14490,0,0,0,0,0,0,1,20200607,20200628
14491,0,0,0,0,0,0,1,20200413,20200419
14492,0,0,0,1,1,1,0,20200425,20200530
14493,0,0,0,0,0,0,1,20200607,20200628
11589,0,0,0,0,1,1,0,20200425,20200530
4811,0,0,0,0,0,0,1,20200426,20200601
14494,1,1,1,1,0,0,0,20200602,20200701
14495,0,0,0,1,1,1,0,20200425,20200530
14496,0,1,1,1,0,0,0,20200406,20200423
14497,1,1,1,0,0,0,0,20200427,20200528
14498,0,0,0,0,1,1,0,20200605,20200627
14500,1,1,1,1,0,0,0,20200406,20200423
14501,1,1,1,1,0,0,0,20200602,20200701
14502,0,0,0,0,0,0,1,20200503,20200510
14504,0,0,0,0,0,0,1,20200511,20200517
14505,1,1,1,0,0,0,0,20200427,20200528
14506,1,1,1,1,1,0,0,20200403,20200424
14507,0,0,0,0,1,1,0,20200403,20200424
14508,0,0,0,0,1,0,0,20200430,20200626
2248,0,0,0,0,1,1,0,20200403,20200404
14510,0,1,0,0,0,0,0,20200512,20200528
14511,1,0,0,0,0,0,0,20200511,20200525
14512,1,1,1,1,0,0,0,20200406,20200416
14513,0,0,0,0,1,0,0,20200410,20200417
14514,1,1,1,1,0,0,0,20200504,20200701
14515,1,1,1,1,0,0,0,20200406,20200416
4608,0,0,0,0,0,1,0,20200425,20200627
14516,1,0,0,0,1,0,0,20200608,20200626
14517,1,1,1,1,0,0,0,20200525,20200701
14518,0,0,0,0,1,0,0,20200430,20200626
14520,0,0,1,1,1,0,0,20200403,20200424
14521,1,1,1,1,0,0,0,20200406,20200423
14522,0,0,0,0,1,1,1,20200525,20200628
14523,0,0,0,0,1,0,0,20200410,20200417
14524,0,0,0,0,1,1,1,20200507,20200628
14525,0,1,1,1,0,0,0,20200428,20200618
14526,1,0,0,0,1,1,1,20200403,20200424
14527,0,0,0,0,1,0,0,20200403,20200424
14528,0,0,0,0,0,1,1,20200425,20200701
14529,1,0,0,0,0,1,1,20200403,20200419
14530,0,0,0,0,1,1,1,20200425,20200503
14531,1,1,0,0,0,0,1,20200405,20200421
14533,0,1,1,1,0,0,0,20200428,20200701
14534,0,0,0,0,1,0,0,20200430,20200626
14535,0,1,1,0,1,0,0,20200403,20200424
14536,1,0,0,0,0,0,0,20200427,20200629
14537,0,1,0,0,0,0,0,20200406,20200420
14538,0,0,0,0,1,0,0,20200403,20200424
14539,1,0,0,0,1,0,0,20200608,20200629
14540,0,1,1,1,0,0,1,20200608,20200701
14541,1,1,1,1,0,0,0,20200406,20200423
14543,0,1,0,1,0,0,0,20200406,20200423
14544,1,1,1,1,0,0,0,20200525,20200701
14545,0,1,1,1,0,0,1,20200405,20200423
14546,1,1,1,0,0,0,0,20200427,20200429
14547,1,1,1,1,0,0,0,20200420,20200423
14548,1,1,1,1,0,0,0,20200406,20200423
14549,1,1,1,1,0,0,0,20200525,20200701
14550,1,1,1,1,0,0,0,20200504,20200701
14553,1,0,0,0,0,1,1,20200403,20200419
14554,0,0,0,0,1,1,1,20200525,20200628
14555,0,0,0,0,1,1,1,20200425,20200628
14556,1,0,0,0,1,1,1,20200403,20200424
14557,0,0,0,0,1,0,0,20200403,20200424
14558,0,0,0,0,1,0,0,20200430,20200626
14560,0,0,0,0,0,1,0,20200525,20200627
14561,0,1,1,1,0,0,0,20200601,20200701
14562,0,0,0,0,1,0,0,20200403,20200424
14563,0,1,0,0,1,0,0,20200403,20200424
14564,0,1,0,0,1,0,0,20200408,20200424
14565,0,0,1,1,0,0,0,20200415,20200416
3486,0,0,0,1,0,0,0,20200514,20200625
3485,0,0,0,1,0,0,0,20200409,20200423
14566,0,0,0,0,1,0,0,20200403,20200424
14567,0,0,0,0,1,0,0,20200515,20200626
14568,1,0,0,0,0,0,0,20200427,20200629
14569,0,1,1,1,0,0,0,20200616,20200701
14570,0,0,0,1,0,0,0,20200407,20200423
14571,1,0,0,0,0,0,0,20200427,20200629
14572,0,1,1,1,0,0,0,20200428,20200701
14573,0,0,0,0,1,0,0,20200601,20200619
14574,0,0,1,1,0,0,0,20200407,20200423
14575,0,1,1,1,1,0,0,20200403,20200424
14576,0,0,0,0,1,0,0,20200430,20200626
14578,0,0,0,0,1,0,0,20200430,20200626
14579,1,1,1,1,0,1,1,20200525,20200701
14581,1,1,1,1,0,1,1,20200404,20200423
14582,0,0,0,0,0,1,0,20200404,20200418
14583,1,1,1,1,0,1,0,20200406,20200423
14584,0,1,1,1,0,0,0,20200428,20200701
14585,0,0,0,0,0,1,0,20200411,20200418
14586,0,0,0,0,0,0,1,20200426,20200628
14587,0,0,0,0,1,0,0,20200430,20200626
14588,1,1,1,1,0,0,0,20200525,20200701
14589,0,1,1,1,0,0,0,20200406,20200423
14591,1,0,0,0,0,1,1,20200525,20200629
14592,0,1,1,1,0,0,0,20200428,20200701
6612,0,0,0,0,1,1,1,20200525,20200628
14593,1,1,0,0,0,0,1,20200405,20200420
14594,1,0,0,0,0,0,0,20200406,20200414
14595,0,1,1,1,1,0,0,20200403,20200424
2060,0,0,0,0,0,0,1,20200405,20200419
14596,1,1,1,1,0,0,0,20200525,20200701
14597,0,0,0,0,0,1,0,20200525,20200627
14598,1,0,0,0,0,0,1,20200412,20200419
14599,0,0,0,0,1,1,0,20200403,20200424
14600,0,1,1,1,1,0,0,20200428,20200701
14601,0,0,0,0,1,0,0,20200410,20200424
14602,1,0,0,0,0,0,0,20200427,20200629
14604,0,1,1,1,0,0,0,20200505,20200517
14605,1,1,1,1,1,0,0,20200403,20200424
14606,1,1,1,1,0,0,0,20200525,20200611
14607,1,0,0,0,1,0,1,20200525,20200629
14608,0,1,0,0,0,0,0,20200406,20200420
14609,0,0,0,0,1,0,0,20200430,20200626
7382,1,1,1,1,0,0,1,20200525,20200701
14610,0,0,0,0,1,0,0,20200403,20200424
14611,0,1,1,0,0,0,0,20200406,20200420
14612,0,0,0,0,1,0,0,20200430,20200626
14613,1,0,0,0,1,1,0,20200608,20200629
14614,0,0,1,1,0,0,0,20200407,20200423
14615,0,1,0,0,0,0,0,20200406,20200421
8243,0,0,0,0,0,1,0,20200425,20200627
14616,1,0,0,0,0,0,0,20200608,20200629
14617,0,1,1,1,0,0,0,20200525,20200607
14618,0,0,0,0,1,0,0,20200511,20200614
14619,0,1,0,1,1,0,0,20200403,20200423
14620,0,0,1,1,0,0,0,20200407,20200423
14621,0,1,1,1,0,1,1,20200608,20200701
14622,1,1,0,0,1,0,1,20200403,20200424
14625,0,0,0,0,0,0,1,20200511,20200628
14626,1,1,1,0,0,0,0,20200427,20200429
14627,1,1,1,1,0,0,0,20200406,20200423
14628,1,1,1,1,0,0,0,20200525,20200614
14629,1,1,1,1,0,0,0,20200420,20200423
14630,1,1,1,1,0,0,1,20200525,20200701
14633,0,0,0,0,1,0,0,20200403,20200424
14634,0,0,0,0,1,0,0,20200430,20200612
14635,0,1,1,1,1,0,0,20200403,20200424
14636,0,1,1,1,1,0,0,20200428,20200701
14637,0,1,1,1,0,0,0,20200505,20200701
14638,1,0,0,0,0,0,0,20200504,20200629
14639,1,0,0,0,1,0,0,20200608,20200629
14640,0,0,0,0,0,0,1,20200426,20200628
14641,1,1,1,1,0,0,0,20200406,20200416
14642,0,0,1,1,1,0,0,20200403,20200424
14643,0,0,0,0,0,1,1,20200425,20200701
14644,0,1,0,0,0,1,0,20200404,20200420
14645,1,1,0,0,0,1,1,20200404,20200421
14647,1,0,0,0,1,1,1,20200403,20200419
14649,1,0,0,0,0,1,1,20200425,20200629
14650,0,1,1,1,0,0,0,20200428,20200618
14651,0,0,0,0,1,1,1,20200425,20200628
14653,0,0,0,0,0,0,1,20200426,20200503
14654,1,0,0,0,0,0,1,20200405,20200419
5530,1,1,1,1,1,0,0,20200525,20200701
3915,0,1,1,1,1,0,0,20200403,20200424
14655,0,1,1,1,1,0,0,20200428,20200701
14656,1,1,1,1,0,0,0,20200420,20200423
14657,0,1,1,1,1,0,0,20200403,20200424
14658,1,1,1,1,0,0,0,20200525,20200701
14659,0,0,0,0,0,1,0,20200425,20200627
14660,1,0,0,0,0,1,1,20200404,20200419
14661,0,1,0,0,0,0,0,20200406,20200420
14662,0,0,0,0,1,1,1,20200525,20200628
14663,1,0,0,0,0,0,0,20200427,20200629
14664,0,0,0,0,0,0,1,20200426,20200628
14665,1,0,0,0,0,0,1,20200405,20200419
14666,0,0,0,0,1,0,0,20200430,20200626
14667,1,0,0,0,1,0,0,20200608,20200629
14668,0,0,0,1,0,0,0,20200430,20200507
14669,1,0,0,0,0,0,0,20200427,20200629
14670,0,1,1,1,1,0,0,20200403,20200424
14671,0,0,0,0,0,1,0,20200404,20200418
14672,0,0,0,0,0,1,0,20200525,20200627
14675,0,0,0,0,0,0,1,20200420,20200614
14676,0,1,1,1,0,0,0,20200428,20200701
14677,0,1,1,1,1,0,0,20200403,20200424
14678,1,1,1,1,0,0,0,20200525,20200701
14679,0,0,0,0,1,0,1,20200426,20200628
14680,0,1,1,1,0,0,0,20200428,20200701
14681,1,1,1,1,0,0,0,20200406,20200423
14682,0,1,1,1,0,1,0,20200525,20200701
14683,0,0,0,0,0,1,0,20200404,20200418
14684,0,0,0,0,1,0,0,20200403,20200424
14685,0,0,0,0,1,0,0,20200515,20200626
14686,0,0,0,0,1,0,0,20200403,20200424
14687,0,0,0,0,1,0,0,20200403,20200424
14688,1,0,0,0,1,0,1,20200403,20200424
14689,1,0,0,0,0,1,0,20200608,20200629
14690,0,0,1,1,0,0,0,20200407,20200423
14691,0,1,1,1,1,0,0,20200428,20200701
14692,1,1,1,1,0,0,0,20200420,20200423
6316,0,0,0,0,1,0,0,20200430,20200626
14693,1,0,0,0,1,1,1,20200525,20200629
14694,0,1,1,1,1,0,0,20200428,20200701
14695,1,1,1,1,0,0,0,20200525,20200701
14696,1,1,1,1,0,0,0,20200406,20200423
1055,0,1,0,0,0,0,0,20200406,20200420
14698,1,0,0,0,0,0,0,20200427,20200629
14699,1,0,0,0,1,0,1,20200525,20200629
14700,0,0,1,1,0,0,0,20200407,20200423
14701,1,0,0,0,0,0,1,20200405,20200419
14702,0,0,1,1,0,0,0,20200407,20200423
14703,0,0,0,0,1,0,0,20200403,20200424
4452,1,0,0,0,1,0,1,20200403,20200419
14704,0,1,0,0,0,1,0,20200406,20200420
14705,1,0,0,0,0,1,0,20200608,20200629
14706,0,1,1,1,0,0,0,20200428,20200701
14708,0,0,0,0,0,1,0,20200404,20200418
14709,1,0,0,0,0,0,1,20200405,20200419
14711,1,0,0,0,0,0,0,20200427,20200629
14712,1,0,0,0,0,0,1,20200405,20200419
14713,1,0,0,0,1,0,0,20200608,20200629
14714,0,1,1,1,0,0,0,20200428,20200701
14715,1,0,0,0,0,0,0,20200406,20200412
14716,0,0,1,1,0,0,0,20200407,20200423
14717,0,0,0,0,0,1,0,20200525,20200627
14718,0,0,0,0,1,0,1,20200426,20200628
14719,0,1,1,1,0,0,0,20200428,20200701
14720,0,0,0,0,1,0,0,20200525,20200614
14721,1,0,0,0,0,0,1,20200405,20200419
14722,1,1,1,1,1,0,0,20200525,20200701
14723,1,0,0,0,0,0,0,20200406,20200414
14724,0,0,0,0,1,0,0,20200430,20200626
14726,0,1,1,1,0,0,0,20200406,20200423
14727,1,1,1,1,0,0,0,20200511,20200517
14728,0,1,1,1,0,0,0,20200428,20200701
14729,0,0,0,0,0,0,1,20200426,20200628
14731,0,0,0,0,0,1,0,20200425,20200627
14732,0,0,0,0,1,0,1,20200525,20200628
14733,0,0,0,0,1,0,0,20200430,20200626
14734,0,1,0,0,1,0,0,20200403,20200424
14735,1,1,1,1,0,0,0,20200525,20200701
14736,0,0,0,0,0,0,1,20200426,20200628
14738,0,1,1,1,0,0,0,20200407,20200423
14739,1,1,1,1,0,1,0,20200404,20200423
14740,1,1,1,1,0,1,0,20200525,20200614
14741,1,1,1,1,0,0,0,20200420,20200423
14742,0,1,1,0,0,0,0,20200428,20200429
6301,1,1,1,1,1,0,0,20200525,20200701
14745,0,0,0,0,1,0,0,20200403,20200424
14746,0,0,0,0,1,0,0,20200430,20200612
1861,1,0,0,0,0,1,1,20200404,20200419
8636,0,0,0,0,0,1,1,20200511,20200628
14747,0,0,0,0,1,0,0,20200430,20200626
7270,0,0,0,0,1,1,0,20200605,20200627
6914,0,0,0,0,0,0,1,20200531,20200628
14748,1,1,1,1,1,0,0,20200403,20200423
7272,0,0,0,0,1,1,0,20200425,20200529
6400,0,0,0,0,0,0,1,20200426,20200524
14749,1,1,1,1,1,1,1,20200504,20200701
7233,1,0,0,0,0,0,1,20200413,20200419
14750,0,0,0,0,1,0,0,20200403,20200424
6323,0,0,0,0,1,1,0,20200403,20200424
8463,1,1,1,1,1,0,1,20200525,20200701
5269,1,1,1,1,0,0,1,20200525,20200701
14751,0,0,0,0,1,0,0,20200430,20200626
6713,1,0,0,0,1,0,1,20200413,20200424
2758,0,0,0,0,0,1,0,20200404,20200418
8946,1,1,1,1,0,0,0,20200525,20200701
1619,0,0,0,0,0,1,0,20200516,20200627
14752,1,1,1,1,1,1,1,20200425,20200503
14753,1,1,1,1,1,0,1,20200403,20200424
14754,1,1,1,1,1,1,1,20200403,20200424
1541,1,0,1,1,1,0,0,20200406,20200424
4528,1,1,1,1,0,0,0,20200518,20200611
8181,0,0,0,0,1,0,1,20200403,20200424
4530,1,1,1,1,1,0,0,20200615,20200701
1533,0,0,1,1,0,0,0,20200429,20200507
6710,0,0,0,0,1,0,1,20200531,20200628
14755,0,0,0,0,1,1,0,20200425,20200510
7379,1,1,1,1,0,0,1,20200405,20200423
6711,0,0,0,1,0,0,1,20200426,20200529
8175,0,0,0,0,1,0,1,20200601,20200628
2779,1,1,1,1,0,0,0,20200602,20200701
2680,1,1,1,0,0,0,0,20200427,20200528
3223,1,1,1,1,0,0,0,20200406,20200423
4953,0,0,0,0,0,0,1,20200503,20200510
7134,0,0,0,0,1,0,1,20200525,20200628
7136,1,0,0,0,1,0,1,20200403,20200424
14756,1,0,0,1,0,0,0,20200406,20200420
14757,1,1,1,1,1,0,1,20200525,20200701
2002,1,1,1,1,1,0,0,20200403,20200424
14758,1,1,1,1,1,0,1,20200403,20200424
14759,1,0,0,0,0,0,0,20200427,20200629
7624,0,0,1,0,0,0,0,20200407,20200422
7885,1,1,1,1,0,0,1,20200525,20200701
7628,0,1,1,0,0,0,0,20200603,20200701
14760,0,1,1,1,0,0,0,20200406,20200423
13369,1,1,1,1,0,0,1,20200405,20200423
7626,0,1,1,0,0,0,0,20200428,20200527
14761,0,0,0,0,1,0,0,20200430,20200626
8094,1,1,1,1,1,0,1,20200525,20200701
6519,1,1,1,1,1,1,1,20200425,20200627
5828,1,1,1,1,1,0,1,20200403,20200424
1687,0,0,0,0,1,0,0,20200529,20200612
3166,0,0,0,0,1,0,0,20200403,20200424
7224,0,0,0,0,1,1,0,20200425,20200510
14763,1,1,1,1,0,0,1,20200405,20200423
14764,0,1,1,1,0,0,1,20200608,20200701
14765,0,0,0,0,1,0,0,20200403,20200424
14766,0,0,0,0,1,0,0,20200417,20200424
14767,0,0,1,1,0,0,0,20200407,20200423
14769,0,1,1,1,0,0,0,20200428,20200701
14770,1,1,1,1,1,1,1,20200403,20200424
14771,0,0,0,0,0,1,0,20200404,20200418
14772,0,0,0,0,1,0,0,20200403,20200424
14773,0,1,0,0,0,0,0,20200406,20200420
14774,0,0,1,1,0,0,0,20200407,20200423
14775,0,0,0,0,0,1,0,20200525,20200627
10604,1,1,1,1,0,1,1,20200404,20200423
14776,0,0,0,0,1,0,0,20200507,20200626
14777,1,1,1,1,1,1,1,20200425,20200701
2213,1,1,1,1,1,1,1,20200403,20200424
1534,1,0,0,0,0,1,1,20200403,20200419
2603,0,0,0,0,1,0,0,20200605,20200626
8353,1,1,1,1,1,1,0,20200403,20200424
14778,1,1,1,1,1,1,1,20200518,20200701
2602,0,0,0,0,1,0,0,20200507,20200517
2605,0,0,0,0,1,0,0,20200403,20200424
6840,1,1,1,1,1,1,0,20200425,20200701
14779,1,1,1,1,1,0,1,20200525,20200701
10607,1,1,1,1,0,1,1,20200525,20200701
14781,1,1,0,0,0,0,1,20200405,20200420
14782,1,1,1,1,0,0,0,20200406,20200423
14783,1,1,1,1,0,0,0,20200615,20200701
2526,1,1,1,1,0,0,0,20200525,20200611
14784,0,0,0,0,0,0,1,20200426,20200524
14785,1,0,0,0,0,0,1,20200601,20200607
2533,1,1,1,1,0,0,0,20200615,20200701
8143,1,1,1,1,0,1,1,20200404,20200423
141,1,0,0,0,0,0,1,20200531,20200607
7333,0,0,0,0,0,0,1,20200426,20200628
4657,1,0,0,0,0,0,1,20200405,20200419
10444,0,0,0,0,0,0,1,20200426,20200628
14786,1,1,1,1,0,0,0,20200525,20200611
14787,0,0,0,0,1,0,0,20200403,20200424
14788,1,1,1,1,1,1,1,20200425,20200607
14789,1,1,1,1,1,1,1,20200525,20200613
1685,0,0,0,0,1,0,0,20200615,20200626
1748,0,0,0,0,1,0,0,20200615,20200626
14790,0,0,0,0,1,1,0,20200529,20200613
4196,1,1,1,1,1,1,1,20200525,20200613
4194,1,1,1,1,1,1,1,20200425,20200607
4197,1,1,1,1,0,1,1,20200404,20200423
14792,0,0,0,0,1,0,0,20200615,20200626
14793,0,0,0,1,1,1,0,20200425,20200510
14794,1,1,1,0,0,0,0,20200427,20200519
14795,1,0,1,1,0,1,0,20200404,20200418
14796,0,0,1,1,1,0,0,20200403,20200424
11742,0,0,0,0,1,0,0,20200403,20200424
8146,1,1,1,1,0,1,1,20200525,20200613
8147,1,1,1,1,0,1,1,20200615,20200701
14798,1,1,1,1,0,0,1,20200615,20200701
7659,1,1,1,1,0,0,1,20200525,20200611
4875,0,0,0,0,0,1,1,20200615,20200628
7655,1,1,1,1,0,0,1,20200405,20200423
14799,1,0,0,0,0,1,1,20200404,20200419
10590,0,0,0,0,0,0,1,20200601,20200628
10589,1,0,0,0,0,0,1,20200412,20200419
6484,0,0,0,0,0,1,0,20200525,20200627
5319,1,1,1,1,1,0,0,20200403,20200424
7956,1,1,1,1,1,1,0,20200403,20200424
7955,1,1,1,1,1,1,0,20200425,20200701
6483,1,0,0,0,1,0,1,20200403,20200424
8545,1,1,1,1,1,0,0,20200525,20200701
6482,0,0,0,0,1,0,1,20200525,20200628
8371,0,0,0,0,0,0,1,20200426,20200621
8122,0,0,0,0,0,0,1,20200426,20200628
8370,1,0,0,0,0,0,1,20200405,20200419
8123,1,1,1,1,1,1,0,20200425,20200701
14800,1,1,1,1,0,0,1,20200531,20200701
14801,1,1,1,1,0,0,1,20200426,20200528
515,0,0,0,0,0,1,0,20200606,20200627
14802,1,1,1,1,1,0,1,20200403,20200424
14803,0,0,0,0,0,1,0,20200425,20200501
14804,0,0,0,0,1,0,0,20200507,20200529
14805,0,0,0,0,1,0,0,20200605,20200626
8023,1,0,0,1,1,0,1,20200403,20200424
8511,1,1,1,1,1,1,1,20200530,20200701
8508,1,1,1,1,1,1,1,20200403,20200424
8014,0,0,0,1,0,0,1,20200426,20200529
5809,0,0,0,0,1,1,0,20200403,20200404
14807,0,0,0,0,0,0,1,20200531,20200628
5804,1,1,1,1,1,0,0,20200602,20200619
6320,0,0,0,1,1,1,0,20200425,20200529
5136,1,1,1,1,1,0,0,20200622,20200701
5805,0,0,0,0,0,1,0,20200530,20200627
2762,0,0,0,0,0,1,0,20200516,20200521
7082,1,1,1,1,1,1,0,20200425,20200529
14808,0,0,0,1,1,0,1,20200531,20200628
14809,0,0,0,0,1,1,0,20200530,20200627
14810,1,1,1,1,1,1,0,20200406,20200424
6404,1,0,0,0,0,0,1,20200405,20200419
10951,1,0,0,0,0,0,1,20200405,20200419
5511,1,1,1,1,1,1,1,20200425,20200701
6833,1,1,1,1,1,1,0,20200403,20200424
14811,1,1,1,1,1,1,0,20200425,20200701
12626,1,1,1,1,0,0,0,20200406,20200423
5325,1,0,0,0,0,0,1,20200405,20200419
5316,1,1,1,1,1,0,1,20200525,20200701
1859,0,0,0,0,0,1,1,20200511,20200628
1966,0,0,0,0,1,0,0,20200515,20200626
13718,1,1,1,1,1,0,1,20200525,20200701
14812,1,0,0,0,1,1,0,20200511,20200608
13715,1,1,1,1,1,0,1,20200403,20200424
1997,1,1,1,1,0,0,0,20200427,20200701
6637,0,1,1,1,0,0,0,20200428,20200701
14813,0,0,0,0,1,0,0,20200403,20200424
14814,1,0,0,0,1,0,1,20200403,20200424
14815,1,1,1,1,1,1,1,20200425,20200701
14816,1,1,1,1,1,1,0,20200406,20200424
14817,0,0,0,0,1,1,0,20200403,20200404
14819,0,1,0,0,0,0,0,20200428,20200630
14820,1,0,1,1,0,1,0,20200404,20200420
14821,1,1,1,1,0,0,0,20200406,20200423
2593,1,0,0,0,1,0,0,20200608,20200629
14822,1,1,1,1,1,1,1,20200403,20200424
14823,1,0,0,0,0,0,1,20200412,20200419
5271,1,1,1,1,0,0,1,20200405,20200421
14825,1,1,1,1,1,0,0,20200403,20200424
7376,1,1,1,1,0,0,1,20200405,20200423
14826,1,0,0,1,1,1,0,20200425,20200510
6635,1,0,0,0,1,0,0,20200525,20200629
9544,1,1,1,1,0,0,1,20200525,20200701
8440,0,0,0,0,1,0,1,20200525,20200628
14827,1,1,1,1,0,0,0,20200406,20200423
14828,0,1,1,1,0,0,0,20200608,20200701
14830,0,0,1,1,0,0,0,20200407,20200423
14831,0,1,1,1,0,0,0,20200512,20200604
14833,0,0,0,0,1,0,0,20200619,20200626
14834,0,1,0,0,0,0,0,20200406,20200420
6986,1,1,1,1,1,1,0,20200403,20200424
6984,1,0,0,0,0,0,0,20200615,20200701
14835,0,0,1,1,0,0,0,20200407,20200423
6989,1,1,1,0,1,1,0,20200512,20200523
5406,0,0,0,0,0,1,0,20200530,20200606
11169,1,0,0,0,0,0,0,20200504,20200517
6991,0,1,1,1,1,0,0,20200609,20200612
14836,1,0,0,0,1,0,1,20200403,20200424
14837,1,0,1,1,1,1,1,20200425,20200701
14838,1,1,1,1,1,1,1,20200403,20200424
6979,1,1,1,1,1,0,0,20200525,20200608
7088,1,1,1,1,0,0,0,20200511,20200608
7086,0,0,1,1,1,1,1,20200510,20200524
7090,0,0,0,0,1,1,1,20200425,20200510
7089,0,0,0,0,1,1,0,20200612,20200613
1572,0,0,0,1,0,1,0,20200516,20200523
14841,0,1,1,1,0,0,0,20200406,20200423
7087,0,0,0,0,1,0,1,20200510,20200524
7096,1,1,1,1,0,0,0,20200608,20200701
8740,1,0,0,0,1,0,1,20200529,20200607
8737,1,0,0,0,1,0,1,20200403,20200424
7100,1,0,0,0,1,1,1,20200403,20200424
7094,1,0,0,0,1,1,1,20200529,20200607
8742,0,0,0,0,1,0,1,20200608,20200628
7826,0,0,0,0,0,0,1,20200608,20200628
7825,0,0,0,0,0,0,1,20200510,20200607
14843,0,0,0,0,0,0,1,20200608,20200628
14844,0,0,0,0,0,0,1,20200510,20200524
7822,0,0,0,0,0,0,1,20200405,20200419
272,0,0,0,0,1,0,0,20200529,20200605
9957,0,0,0,0,1,0,0,20200525,20200607
10550,0,0,0,0,1,0,0,20200605,20200626
14846,1,1,1,1,0,0,1,20200405,20200423
14847,0,0,0,0,0,0,1,20200426,20200628
8359,0,0,1,0,0,0,0,20200515,20200529
14848,0,0,0,0,0,0,1,20200426,20200524
8362,1,1,1,1,0,1,0,20200530,20200701
6315,0,0,0,0,1,0,0,20200403,20200424
6913,0,0,0,0,0,0,1,20200413,20200419
8361,1,1,1,0,1,1,0,20200425,20200528
14849,1,1,1,1,0,0,1,20200426,20200701
14850,0,0,0,0,0,0,1,20200405,20200419
14860,0,0,0,0,0,0,1,20200518,20200524
14863,1,1,1,1,1,1,1,20200425,20200701
14864,1,1,1,1,1,1,0,20200403,20200424
14865,0,0,0,0,0,0,1,20200426,20200628
14869,0,0,0,0,0,1,0,20200425,20200501
14870,1,1,1,1,1,1,1,20200425,20200701
14871,1,1,1,1,1,1,1,20200403,20200424
14872,1,1,1,1,1,1,1,20200403,20200424
14873,0,0,0,0,0,0,1,20200531,20200628
14874,0,0,0,0,0,0,1,20200413,20200419
14875,0,0,0,0,0,1,0,20200502,20200627
7592,0,0,0,0,0,1,0,20200525,20200627
14876,0,0,0,0,0,0,1,20200426,20200503
14877,0,0,0,0,0,1,0,20200411,20200418
14878,0,0,0,0,0,0,1,20200405,20200419
14879,1,0,0,0,0,0,1,20200601,20200607
14880,1,1,0,0,0,0,0,20200413,20200420
14881,0,0,0,0,0,0,1,20200426,20200524
14882,1,1,1,1,0,0,0,20200406,20200423
6941,1,1,1,1,1,0,0,20200504,20200522
14883,1,1,1,1,1,1,1,20200615,20200701
6947,1,1,1,1,1,0,1,20200405,20200424
6950,1,1,1,1,1,0,0,20200525,20200612
6948,0,0,0,0,0,1,0,20200404,20200418
6940,1,0,0,0,0,1,1,20200531,20200613
9588,0,0,0,0,1,0,1,20200615,20200628
9398,1,0,0,0,1,0,1,20200529,20200612
6985,0,0,0,0,0,1,0,20200620,20200627
12800,0,0,0,0,1,0,0,20200417,20200420
12803,1,1,1,1,0,1,1,20200404,20200424
12801,1,0,0,0,0,0,0,20200525,20200531
12798,1,1,1,1,1,0,0,20200403,20200410
12795,1,1,1,1,1,1,1,20200425,20200524
12794,1,1,1,1,1,1,1,20200526,20200613
6975,1,0,0,0,0,0,0,20200504,20200517
14884,0,0,1,1,1,0,0,20200403,20200424
14885,0,0,0,0,1,1,0,20200529,20200613
14886,0,0,0,1,1,1,0,20200425,20200510
14888,1,0,0,0,0,0,1,20200413,20200419
14889,0,0,0,0,0,0,1,20200426,20200628
14890,0,0,0,0,1,0,0,20200619,20200626
14892,1,1,1,1,0,0,0,20200525,20200611
2531,0,0,0,0,0,0,1,20200426,20200628
14893,1,0,1,1,0,1,0,20200404,20200418
14894,1,1,1,0,0,0,0,20200427,20200519
1537,1,1,1,1,1,1,1,20200518,20200701
14895,1,1,1,1,1,0,0,20200403,20200424
14896,1,1,1,1,1,0,0,20200525,20200701
10582,1,1,1,1,0,0,0,20200406,20200423
7878,0,0,0,0,1,1,0,20200525,20200627
14897,0,0,0,0,0,0,1,20200525,20200628
7677,0,0,0,0,0,1,0,20200516,20200627
14898,1,0,0,0,0,1,1,20200404,20200419
1040,1,0,0,0,0,0,0,20200427,20200629
1041,0,1,0,0,0,0,0,20200414,20200420
7879,1,1,1,1,1,1,1,20200403,20200424
14899,0,0,0,0,0,0,1,20200413,20200419
14900,0,0,0,0,0,0,1,20200426,20200503
14901,0,0,0,0,0,0,1,20200531,20200628
14902,0,0,0,0,0,1,0,20200425,20200501
14904,0,0,0,0,0,0,1,20200531,20200628
14905,0,0,0,0,0,1,0,20200502,20200522
14906,0,0,0,0,0,0,1,20200426,20200503
14908,1,1,1,1,1,1,0,20200403,20200424
14909,1,1,1,1,1,1,1,20200403,20200424
12318,1,1,1,1,1,1,0,20200425,20200529
12320,1,1,1,1,1,1,0,20200530,20200701
14910,1,1,1,1,1,1,1,20200425,20200529
14911,1,1,1,1,1,1,1,20200530,20200701
14916,0,0,0,0,0,0,1,20200510,20200524
14917,0,0,0,0,0,0,1,20200518,20200524
14918,0,0,0,0,0,0,1,20200531,20200628
14921,0,0,0,0,0,1,0,20200530,20200627
14923,0,0,0,0,0,1,0,20200411,20200418
14924,0,1,0,0,0,0,0,20200406,20200420
8543,1,1,1,1,1,0,0,20200525,20200701
2201,1,0,0,0,0,0,0,20200427,20200629
14925,1,1,1,1,1,1,1,20200425,20200701
9096,0,0,0,0,0,1,1,20200525,20200628
1856,1,1,1,1,0,1,1,20200404,20200423
9095,1,1,1,1,1,0,0,20200403,20200424
4668,0,0,0,0,0,1,0,20200525,20200627
5817,1,1,1,1,1,0,1,20200525,20200701
6539,0,0,0,0,0,1,0,20200404,20200418
5801,1,1,1,1,1,1,0,20200425,20200529
14926,1,1,1,1,1,1,0,20200406,20200424
645,1,1,1,1,1,1,1,20200403,20200424
14927,0,0,0,0,0,1,1,20200425,20200628
7725,1,1,1,1,0,0,0,20200406,20200423
7727,1,1,1,1,1,0,0,20200525,20200607
14932,0,0,0,0,0,0,1,20200426,20200517
14933,0,0,0,0,0,0,1,20200531,20200628
8406,1,1,1,1,0,0,0,20200525,20200701
14934,0,0,0,0,0,0,1,20200426,20200628
7068,0,0,0,0,1,1,0,20200525,20200627
8404,1,1,1,1,1,1,0,20200403,20200424
1381,1,1,1,1,1,0,0,20200615,20200619
8855,0,0,0,0,1,0,0,20200427,20200510
8850,0,0,0,0,0,1,1,20200405,20200628
8420,0,0,0,0,1,0,1,20200525,20200628
1425,0,0,0,0,0,1,0,20200411,20200627
2328,1,1,1,1,1,1,1,20200601,20200701
2330,1,1,1,1,1,1,1,20200428,20200602
1244,1,0,0,0,0,0,1,20200411,20200419
450,0,0,0,0,0,1,1,20200607,20200628
9212,1,1,1,1,1,0,0,20200601,20200701
9210,1,1,1,1,1,1,1,20200428,20200602
10387,1,1,1,1,1,1,1,20200516,20200602
10388,1,1,1,1,0,0,0,20200428,20200515
10389,0,0,0,0,0,1,1,20200601,20200619
